( 2668230613738166046 , [(50, 350, 0), [145.45946401081255, 322.4512956210407, 11.338413372650002], [122.58236205875387, 225.72534405600697, 22.326065538325221], [263.64447607577864, 250.8083017621354, 58.257980184121067], [248.8199449540026, 349.08071225299966, 69.337989811127756], [625.3424467833844, 314.48245053963, 198.84986368350746], [610.5542485022552, 306.6071601142699, 225.74068940590431], [642, 517, 255.508410026365]] )
( 6127293910451449984 , [(50, 350, 0), [144.45106522488305, 319.5461518667433, 12.310946826358411], [198.59332236450288, 238.17313224862488, 33.454448666323515], [269.0653452499651, 210.40691897892825, 142.09779422759919], [253.13039318802277, 307.9868478530936, 157.07226529326397], [348.3993211875687, 336.2170851227757, 168.33659223786105], [542.8915096109491, 332.2957468567579, 192.79042286442933], [631.7560393451821, 373.4593367631371, 213.00562064068311], [642, 517, 230.71127415244263]] )
( 9114599610422884211 , [(50, 350, 0), [143.64806121197103, 316.6942041714747, 10.989294584618078], [144.03646915557755, 224.32730731397004, 49.306464419881678], [242.32890023797643, 210.3164318491051, 61.235142495004325], [265.7900739015957, 113.73238974492294, 72.239511679244913], [438.5576959318079, 88.68129606743905, 246.87086283828566], [534.0872562002439, 106.00550649582733, 270.8286350208611], [498.5040558359368, 299.89475588657183, 299.04363534658142], [674.2730001049716, 391.11776643047045, 321.58180379994593], [621.3214119931409, 475.23385917078053, 332.56416504598849], [642, 517, 337.71147907022436]] )
( 2805757831362378770 , [(50, 350, 0), [144.40548868394012, 320.4550059864442, 14.652543638747725], [165.36936268115056, 223.38817560121277, 26.423118220891084], [261.5151216640654, 198.3226837275324, 37.724186609751939], [247.9671205283012, 124.87021669252167, 104.21619178102041], [340.1897215148508, 88.4533966788255, 117.20876994571557], [513.9205532052275, 76.47418699916743, 245.2025866101902], [531.7944432532544, 361.7022718622451, 312.76574464393804], [616.0474247114936, 309.5424156155009, 326.21135774697552], [642, 517, 357.28605449513464]] )
( 3451016464264155802 , [(50, 350, 0), [55.572927311531316, 250.8815071020502, 12.019436210549319], [243.59537418418984, 202.79764316827828, 103.74231375281877], [274.2747835236715, 352.7848838672845, 293.18509544668746], [566.9269784892888, 338.7112570126543, 326.38873257605314], [655.6255034734479, 383.5652208586422, 337.37479615393681], [642, 517, 353.38640904972732]] )
( 6223376126312400209 , [(50, 350, 0), [49.402887051063914, 212.68873149026012, 77.228998786464459], [232.12487614272794, 230.187397180611, 122.02175415346724], [277.4690222633104, 318.4266148595455, 134.58156609492846], [529.9754337070843, 326.7326962119458, 266.75514317941941], [618.3446338145853, 368.98242281479105, 286.90074007663947], [642, 517, 305.49989032630293]] )
( 255743974778780360 , [(50, 350, 0), [146.25312132232523, 325.3625416138083, 11.328383820228586], [176.4430747115076, 230.66679706394768, 22.341225347579638], [273.1480652430997, 207.79701177576223, 33.526828914529965], [253.1542096525133, 112.17211204718875, 54.883895438822208], [501.94513963250847, 76.8607563624333, 173.08400896108898], [543.7917553236971, 167.00901311592906, 184.13627386470822], [642.7584985757109, 170.72330616869453, 197.98501955549824], [643.8324841156559, 261.4071520350492, 309.12989655373366], [598.779773745645, 349.9951943742309, 320.19389415077137], [655.7632860030553, 430.41646055643497, 337.08469864495248], [642, 517, 346.76755239428587]] )
( 1396180302126844777 , [(50, 350, 0), [179.21653655714206, 289.71038371315916, 106.96774612946973], [119.10362234085156, 212.33373253105285, 126.95002318358802], [262.8869909759044, 231.21979982154645, 286.32356483858536], [257.0440261968998, 329.94577227326596, 301.12363666454712], [550.8746870916086, 344.53602587353686, 335.68794447048339], [635.3627965655701, 292.19612627840684, 346.74661834611658], [642, 517, 372.70788502676783]] )
( 710904295161643529 , [(50, 350, 0), [149.34767733253022, 352.03046347832907, 11.221239980262302], [178.7683790497069, 257.34773914165163, 24.244450899757922], [275.9401165746318, 236.9231506888418, 36.097282330283186], [262.15336418619717, 332.3356608594256, 62.675061799761494], [606.4674619662452, 342.86257369088696, 282.01827714578121], [642, 517, 309.87391056694719]] )
( 5187082787905509269 , [(50, 350, 0), [146.50377243675277, 333.3374781404168, 20.233197244982073], [134.19514154667266, 234.75553550573696, 31.639256686544492], [229.4717372300657, 206.44845436546169, 42.642868470914166], [259.78817776645843, 301.0948059515618, 53.732573816128991], [341.1662283377841, 358.1123434264923, 64.984831612040665], [436.43103600830295, 330.0770716836006, 76.759378643722101], [523.3911581952353, 377.868950297351, 89.16395392070541], [522.5387264603678, 185.86216693682854, 126.59383515144415], [717.8622666567569, 167.69345024209156, 150.56699728066343], [639.0613473578904, 151.56987195577614, 222.81589067564772], [663.5200027734813, 247.90592387145813, 233.82221960769488], [716.428807340172, 272.60564782944095, 327.24223968578798], [708.2371822102294, 371.22199867174396, 341.65447838344699], [609.5504964316763, 382.35808116113697, 353.35600464434742], [654.7166727437659, 470.8900323648818, 364.40635004179921], [642, 517, 369.68912851923926]] )
( 2690836648914374338 , [(50, 350, 0), [146.3938069681892, 373.7277063306312, 12.05113813989364], [153.29984925829643, 276.3632559413775, 33.787521930345171], [234.68234084117057, 219.3167773266919, 44.859529039611317], [255.59039839806323, 122.147566218555, 55.859417303588778], [348.2584490906577, 87.93297702713875, 71.415582232560197], [537.1455641276132, 76.57886829656779, 109.30993495480334], [496.369350290359, 266.1874390231107, 148.054625512271], [541.9020616391637, 353.8925557556564, 163.37078352128111], [638.6628638275773, 344.1348417138996, 186.65455848441752], [642, 517, 207.51082724512281]] )
( 2155281990392938440 , [(50, 350, 0), [66.22830233749727, 252.04006589001642, 11.852995925522675], [258.16083654046804, 202.99323204432744, 35.428777771787693], [262.6862006817094, 103.70559646336504, 46.450869230815464], [451.92797985911886, 76.94419043042188, 71.999985648857049], [533.4899401407445, 133.33714964302968, 84.94142244172086], [517.2271586122735, 329.6364056759263, 118.45861038319799], [615.9252913354559, 321.6134104973951, 132.398127782388], [667.508263583937, 240.14113919687196, 158.883330880465], [719.4045545303677, 321.6139344581205, 184.74756522679908], [722.2324793336865, 420.86698388665116, 196.61495838808025], [625.0060561193151, 400.3236647611866, 207.79505982989548], [642, 517, 229.66915343520051]] )
( 6211578267402261035 , [(50, 350, 0), [144.2524957612644, 318.4669959034005, 11.051547195604346], [173.7677751255894, 213.59365780273384, 173.83772971581615], [269.280498911173, 237.05190994242227, 191.92170056321604], [266.4189793926188, 333.60466887444517, 217.79401102555408], [451.91601945365164, 316.7302960633258, 239.82237472594036], [532.7412101312472, 374.43877500594294, 251.52792939284285], [531.4672551254972, 176.66308236947486, 280.33032689697114], [728.0921583332058, 181.4907986630831, 302.79292990059361], [804.375767161947, 117.77039397553249, 313.77113788361021], [842.8964110826091, 307.8124970667228, 336.66759270244796], [753.9312441185632, 352.137190707325, 347.64578019976204], [659.2233770620912, 382.2882745158859, 358.66086362126964], [642, 517, 377.48441039009589]] )
( 8618094016328207878 , [(50, 350, 0), [149.15218272119427, 343.13304139937674, 11.031298255429265], [189.74106914905633, 254.56866981309946, 33.589985807543556], [286.0172714736393, 231.49338558069942, 47.676295599320255], [249.1039272045647, 319.33552024781085, 78.026985739708095], [629.8631865335253, 318.1284687299583, 134.1657776007832], [642, 517, 156.42251986645795]] )
( 7577042380124991300 , [(50, 350, 0), [141.40879295365704, 310.99690712521056, 11.099158389535935], [171.17824689428636, 216.1743607951216, 22.165518204528656], [262.5252385932943, 255.17947275564532, 33.755528924471008], [286.7857160081928, 346.7393540061523, 65.821357792508337], [583.4626687365192, 337.2837880770762, 101.77512778375812], [651.603157969418, 402.50702888062693, 134.98359938639632], [642, 517, 149.68880068713366]] )
( 246288153794644853 , [(50, 350, 0), [148.36124965770765, 363.02134669603055, 12.470328624213572], [156.7472568710997, 265.21716414851704, 99.009164270972036], [252.1471422314952, 238.15415509334105, 111.91092438743891], [265.00642793430035, 336.7137343427949, 122.89491771337715], [606.8912138064984, 340.97571317798486, 244.90564121530153], [642, 517, 280.82134631834845]] )
( 8135344725073183317 , [(50, 350, 0), [147.25840968837227, 370.0494288858232, 11.782281028775946], [174.69649117928597, 278.1904709663503, 40.22667474786369], [102.92001851466242, 209.4452717116138, 51.282693527294512], [38.426884616131076, 285.01504573173, 62.67764567702632], [67.33699076100926, 326.43638004069726, 148.98221581532579], [150.2305756722443, 349.3242225984932, 200.01945950670685], [136.98816069756398, 257.1580840867884, 236.48919157975075], [235.77575716227233, 246.2470162955538, 247.5327138612073], [283.90076490429516, 332.72532535966377, 261.86748596412275], [608.6999958471905, 353.2990921760688, 323.19675343511739], [642, 517, 341.97693543900368]] )
( 4672835047988323612 , [(50, 350, 0), [149.09461204739347, 355.954838012093, 12.033194398259912], [181.72123449622313, 262.2076215181907, 24.156020274553882], [259.09071530013694, 200.3167947088538, 37.70183132408026], [255.2704331167752, 101.0284974751732, 48.981879040104452], [481.3119395636353, 89.32565603840636, 252.72767269391525], [546.5529636671214, 164.3129326556384, 263.70570163626513], [644.5941212309376, 180.0551341519625, 275.54269938046076], [661.6433116327521, 277.85818974398074, 287.53800777613219], [746.7383517896591, 329.01557599449194, 299.44413950354073], [696.5668316593573, 414.7522758619556, 310.93486896912196], [609.0336403441748, 369.5619447428592, 328.13296164029043], [642, 517, 344.86554821178402]] )
( 7673438783975884893 , [(50, 350, 0), [145.43049565113768, 322.83626341016304, 12.455999127173353], [139.12397872471928, 223.66056376080346, 23.60985242174452], [238.48039163638043, 221.23608788364822, 34.674441435738132], [271.1112017734975, 312.31888926539193, 59.955927196057758], [364.95490218362534, 344.43112271225675, 72.690304149337607], [587.3047789358867, 315.53890027722997, 156.63979455854917], [647.2342430053079, 394.6984473326985, 168.56562561240102], [642, 517, 184.81009514812072]] )
( 5047636283065054964 , [(50, 350, 0), [39.34564153691447, 251.62475685751025, 14.449781396135519], [228.36755982712145, 207.9071046712617, 37.777113263444683], [255.95693580031406, 301.4881528271515, 59.718256338837392], [334.73752163424683, 359.1140352182355, 81.46399096223675], [531.0127852975018, 328.27371952874387, 104.07331194350887], [624.7041370969146, 361.04591253639006, 116.23530041037769], [642, 517, 221.00575554149248]] )
( 2973090607448202855 , [(50, 350, 0), [142.0596861710473, 313.1761255315811, 13.000632723925767], [180.15167079361885, 221.71510108815974, 26.560931956378507], [273.48524298443783, 205.85991663679647, 115.55043247554994], [273.1497807800449, 107.09681425029378, 131.22643554082811], [494.67014916133184, 79.44948177376332, 236.93341802752406], [500.831751312455, 369.6575744360323, 271.13080856485425], [595.6349836360955, 341.3278518180071, 285.61438399965641], [646.4704105002569, 426.6856393267798, 297.00769287573388], [642, 517, 306.99474904509509]] )
( 8428494641326537063 , [(50, 350, 0), [148.02312766821086, 334.0035877547582, 11.643935650024556], [137.9741957961495, 235.4093536663484, 24.992942083108808], [236.14449001289702, 220.92257151459356, 37.351197473123435], [253.51735536874676, 128.5228698990815, 71.416996901462994], [334.84974266431914, 72.9186894341897, 88.540603169733899], [433.49819990517307, 85.08276894586169, 99.51862911400714], [532.7603084141915, 80.1864863125525, 110.61188069857906], [498.00548712859825, 367.4533464149014, 170.22408663591239], [581.4749410178188, 323.9877522439607, 204.04112954037669], [639.7284690343363, 391.2597271865228, 249.6591946128467], [642, 517, 263.62795657867736]] )
( 6395215028127448331 , [(50, 350, 0), [147.3238173075767, 329.8897214236895, 11.119859723243726], [185.8088791894, 239.1956792566467, 28.251430794073663], [285.016884625358, 244.42630875581017, 39.671245698940353], [246.5109082133978, 152.7998860116874, 50.711555281414348], [300.0709844758239, 73.04808022119725, 78.477860471681325], [399.175658874395, 79.76043333635563, 90.01943003611342], [498.45648899641327, 77.83147378225807, 101.8345002991973], [500.4052038753054, 271.1324403902933, 124.82668493971799], [549.4223967535778, 357.5999807794452, 135.81209623764522], [623.4076163143185, 291.66026571954444, 149.1590533578316], [642, 517, 175.20663120255725]] )
( 1880604331806052053 , [(50, 350, 0), [140.14416612940377, 308.9086422202148, 13.620926130338622], [182.27552378311532, 219.02311682671476, 25.684964715717122], [277.3071927392479, 248.12119355338743, 36.74316647824115], [259.00172519723026, 343.9909647615733, 58.512337949802337], [552.0555176208835, 324.81063113638436, 91.735205772016599], [642.3683076961308, 366.09100125125366, 103.54752950630798], [642, 517, 125.17931098157669]] )
( 210984822980045604 , [(50, 350, 0), [140.38810231418648, 308.66945619828454, 11.035266607320269], [124.35219830882058, 215.94727361006613, 44.879714287963274], [227.4200520229942, 229.10626378853914, 149.64171474195038], [277.30298634434536, 315.01970137417743, 161.06861745923987], [563.4689191548082, 349.85440917605223, 200.78704624825895], [626.4704591487966, 289.5977751967211, 249.77626975574876], [642, 517, 307.74683996300735]] )
( 8129322879871178475 , [(50, 350, 0), [85.94927841460989, 204.54419271201488, 208.92138918751581], [273.0625478197205, 254.86301321762144, 241.89829686030117], [255.86449641960715, 352.70371535456223, 253.36232902134682], [642.3453328293149, 351.9886792044944, 302.64665881066594], [642, 517, 321.68236084378242]] )
( 4674565495067567586 , [(50, 350, 0), [148.99803897994587, 341.93159578818035, 11.588318756394786], [142.0318962908361, 229.12500966811024, 109.57020620023869], [230.9338685105535, 250.12365710835633, 177.04588646953491], [273.8222481411228, 160.45744374800444, 188.02573502404672], [235.71817591162642, 81.62910314828703, 236.33900853996846], [531.4040559729292, 79.38705964671244, 272.42283697124026], [527.5549027710057, 178.4811794604292, 285.28905001054892], [823.329189189651, 160.78667413696436, 322.45933550284224], [818.2800437584012, 352.66024657541954, 344.56955983152835], [734.4669324352312, 299.644387011575, 357.40236954088749], [724.9122691673581, 398.55602150379724, 368.59151481273881], [629.3844127890206, 371.1104435039703, 379.59918959059962], [642, 517, 395.95363561273535]] )
( 6858585510608799821 , [(50, 350, 0), [145.13623877145582, 321.4229548937452, 11.508630040783466], [140.06569682809084, 222.83059306021994, 27.440855010567244], [236.69427844686976, 245.4964027204891, 39.654711354385491], [270.9331615703969, 338.15970339773696, 55.185699412181435], [556.7677211223478, 340.0030537970288, 93.075235635543606], [650.2263003554863, 373.582046007045, 104.82024520909658], [642, 517, 130.67972012266824]] )
( 3967267776300459432 , [(50, 350, 0), [141.33512817955702, 310.82106138982465, 11.086258602612649], [200.07996455187887, 231.2613726151474, 25.89504388924653], [290.6603763341331, 222.64134119116216, 93.613146395275862], [247.77642885828206, 298.6934539685047, 142.36807631001193], [335.26838687712853, 345.85387900108077, 153.37042118622676], [628.853958185222, 354.2212994616375, 191.23320536830948], [642, 517, 214.37160889680018]] )
( 1710712510272161099 , [(50, 350, 0), [148.676266403655, 338.1914234152435, 11.115393275851753], [158.083445804243, 239.88314715138313, 26.831238584127671], [257.18464577459025, 246.87726936920475, 38.234502101183701], [281.2840201599378, 341.16281305295183, 61.24442184235351], [629.5572680426003, 354.2645262367866, 147.66695241672409], [642, 517, 195.74044917834152]] )
( 4140246722641991619 , [(50, 350, 0), [148.27831875728629, 336.004183087773, 12.061889205288528], [179.00486789984842, 241.6283306575022, 24.271625314208329], [278.25591801274516, 244.2526368969495, 36.202344833535776], [258.7360810617657, 340.9288419818161, 52.715592115520963], [639.5610242542414, 334.90585370117026, 103.46670571537304], [642, 517, 127.17661295039699]] )
( 6750672625103195736 , [(50, 350, 0), [146.3026113589636, 374.3255731114337, 11.579012835501571], [171.7452990736258, 280.3941894587157, 34.591287971612772], [234.1944896959821, 203.8774773942531, 50.253068376685775], [267.91350781612135, 110.37875679188053, 61.253843928126962], [481.6233986944897, 94.43830335697778, 156.96207536905581], [546.5641610875258, 169.66202118652018, 168.10162902764591], [641.6636586743716, 143.95056465205184, 185.2773840796267], [642, 517, 248.76672248977337]] )
( 6057889300102327918 , [(50, 350, 0), [145.03420298611053, 321.21458439618925, 11.827937745466155], [125.9343661171713, 238.07198522510748, 124.45371969959069], [277.3397251727976, 257.98474252988814, 201.21219160709725], [250.91735162751021, 353.0807233327222, 217.29362846393065], [446.73158164164005, 338.2753377420205, 241.35969842076315], [539.9801175341463, 372.68749674690935, 252.33757920560603], [510.30568341501214, 183.8678654349999, 277.57970954087864], [599.9906867362034, 141.0785993855295, 288.79036921038733], [665.3758563925891, 215.93831021688348, 299.78142390280522], [600.8775330791059, 397.1404028841983, 348.92788814023163], [656.8367368633885, 462.2551876371216, 384.97531347065762], [642, 517, 391.23976641024615]] )
( 6304411305352432205 , [(50, 350, 0), [141.30232484450602, 340.2869867186696, 39.61745639216376], [188.75766373015446, 252.98028840625858, 50.821528912185649], [268.6027710557085, 194.02541981790887, 63.031455443544111], [264.02540954864065, 99.70796574931957, 95.944456213044958], [460.86118956234964, 82.52033700496982, 125.4584686599859], [540.8292037787296, 141.43509283817264, 137.04157046403441], [633.289604474021, 177.39158461982638, 149.61952745322941], [670.2942057979939, 269.6125528308677, 160.8423837328013], [627.3174529772889, 307.34095340061793, 266.07257054571193], [642, 517, 302.00893186223971]] )
( 5543725550145950497 , [(50, 350, 0), [147.3739646732306, 330.16059089807527, 11.167311686476026], [169.5058769072533, 239.24553739515358, 46.446647102926299], [262.0812967348526, 203.4580747655552, 58.655216317983559], [254.6462600568658, 302.3998887805053, 71.11465727767397], [337.3801697180795, 357.19827148223663, 83.453111210185767], [628.5306633091101, 313.5246902786284, 129.44166075485944], [642, 517, 189.06307757534134]] )
( 377254541091975025 , [(50, 350, 0), [148.05429683672088, 366.2675892921333, 10.987284035588409], [145.34248081263698, 266.90908808235577, 21.966095045809546], [238.67184593551207, 232.8992515628326, 33.496950420688442], [241.206261249605, 133.86385991079712, 47.119282796006146], [324.8450143938338, 80.65165248312422, 60.272987717170523], [520.4458898251853, 89.35901536171055, 89.020326072122558], [553.1083454771613, 182.7246914359871, 103.71775856817301], [651.9801139574297, 173.03480052185094, 115.14051706410315], [678.3725623612941, 268.5899807625485, 128.28000702441568], [720.148518124168, 358.4712827376813, 141.55106860039328], [649.2489504945394, 427.7987379842698, 154.47218538509827], [642, 517, 164.35656987683092]] )
( 2756277098632376347 , [(50, 350, 0), [145.359489023091, 322.109341650628, 11.34367797910328], [178.38903029937228, 228.36520077015848, 22.34756155087539], [274.40493667660814, 254.06404465888247, 33.325500580623718], [281.50922688746346, 353.19767537229023, 44.373229857612856], [577.7459312219038, 334.9327762673775, 85.166574197589782], [605.0147029014691, 340.25636891946255, 222.98323969119403], [642, 517, 244.18182921399071]] )
( 7428037997059697648 , [(50, 350, 0), [147.80214463652118, 332.40718818372636, 11.190776420524804], [140.90745012174045, 233.46999284940745, 23.992907763651765], [240.15832189388345, 228.43343058799894, 35.123832840058689], [243.8336119851056, 95.20890210171348, 133.19101577615322], [539.7502544892606, 87.91490817241957, 169.55285105971029], [510.2690599202063, 181.49436459891467, 188.88532378575519], [609.8734450298673, 144.9347510155712, 238.04387465664476], [671.173054133246, 221.72208985483437, 256.64663030620267], [624.3055917672431, 309.33155225238096, 267.96135830930439], [642, 517, 303.55382707689148]] )
( 5201760929829669098 , [(50, 350, 0), [144.62265765302806, 319.5763662042035, 10.997961871961468], [194.6452161683038, 233.9987537095485, 24.19704817747828], [291.27748945641355, 228.64485890631585, 137.31022507141245], [241.05002546974302, 308.1691073568498, 171.26748894595724], [432.8740532930965, 359.69295261863937, 194.652986168989], [518.4714178223633, 309.6380020139975, 207.59876175837283], [649.7029234553103, 393.50014860421743, 342.97430464064018], [642, 517, 357.04278555386196]] )
( 9051349829769907288 , [(50, 350, 0), [69.20893794645819, 253.29293309714149, 16.696104755755613], [262.89998989021717, 215.51081767448886, 39.774699814091065], [238.88946448908808, 122.05928259561396, 66.048360795453206], [432.3478392784638, 80.6537582133437, 93.945971044297124], [524.4836071336567, 117.53512973822166, 106.22459947657393], [495.1184198800756, 210.79992736875278, 127.18559421676196], [576.4521612194649, 154.42856743604776, 141.57629604380105], [673.7931750342693, 173.64602383762443, 154.04290741014853], [673.9402026332713, 272.70988904436336, 167.69314525372425], [752.5377414751239, 393.51141021430954, 279.51970814213308], [653.7961357703152, 404.8173384153326, 290.57734307684689], [642, 517, 305.20398332744793]] )
( 109604177132590171 , [(50, 350, 0), [35.11399859928809, 253.4536480582399, 21.382443476735734], [222.77028707660816, 221.35897751379656, 279.60407980381558], [268.272901737847, 309.71473940062555, 290.68430545083152], [353.0643172562041, 361.5331338466481, 301.87670695496473], [546.1653534918782, 324.1569977082421, 327.59326831072377], [637.1891076351393, 363.61412175475425, 340.15557477272819], [642, 517, 358.82952458357943]] )
( 1628073142602846649 , [(50, 350, 0), [144.42164945690388, 319.4798708826169, 12.37230101863944], [163.1095906195074, 222.22555567109413, 26.241656729732682], [258.3747844034054, 250.52137467264853, 37.372221870265342], [269.26326513013885, 346.8008926413829, 62.104698640126237], [564.1446241841938, 353.09771326362943, 112.01937699794678], [660.4565534886208, 374.59013353215187, 128.20851362286558], [642, 517, 145.69125728605329]] )
( 1830366958321685429 , [(50, 350, 0), [51.900852883077626, 250.68043685919392, 11.489609907926809], [232.59866320398422, 225.48198852995887, 53.445511749346167], [262.7433062420454, 319.9294564527789, 66.521302321076803], [565.3922150887013, 326.1910923217744, 179.88164301290243], [658.4170305315158, 295.1926727641292, 199.51533081622904], [757.4841863127301, 303.1474789461075, 210.57967462993042], [762.8906535383435, 402.16521042781403, 223.47381920624991], [668.6611403922061, 373.62342840273004, 240.9714056419422], [649.9012913757972, 470.88036301675163, 254.72483191925477], [642, 517, 259.89276580286162]] )
( 2165391222382615422 , [(50, 350, 0), [149.10435202195458, 353.17133926470257, 12.971893368998405], [182.08262379094714, 259.56158213848073, 25.204920872451286], [257.82254503035165, 194.13771868211475, 117.20674068347526], [250.04724756590866, 96.59274421733188, 137.81068947986589], [444.0154230390251, 85.89278627305207, 181.54324237763709], [536.7330138234573, 121.50045350059102, 193.18550992925324], [495.0020287181878, 398.65904575663774, 240.58570521415211], [559.0016052047769, 326.1943373136308, 266.13800921608561], [643.9109625675259, 377.86091211426367, 277.13646731781921], [642, 517, 292.74112455736514]] )
( 1728086576795359291 , [(50, 350, 0), [140.81833881818739, 310.1598796693801, 12.837217235313933], [154.62503270863343, 215.20996350795792, 41.013246493433712], [253.81621034500085, 217.5310518250617, 53.49214180250673], [267.4674483794283, 312.243150316508, 82.531117326343349], [356.6982734495904, 356.0028922066965, 93.61916706478732], [545.714057560814, 354.305870659036, 117.26524302790436], [628.5546504929749, 299.6999378063148, 129.74034863595875], [596.6266084054788, 393.13714222738656, 145.55454979927796], [640.7665740984636, 410.59727276620646, 330.24888131788464], [642, 517, 344.30169572984875]] )
( 2047001419999452442 , [(50, 350, 0), [74.57937542308835, 253.7066821660186, 11.110861547815244], [257.8852014408233, 192.7209920511964, 33.106709507645753], [240.12221986521482, 95.56133645930969, 48.742495730620057], [434.12979172248384, 96.18231012140608, 76.856585863489471], [530.9269631681613, 115.08710160900486, 93.376769244025709], [509.03017073396865, 312.4903677616685, 115.51868920221547], [605.7458694284878, 335.4138038267008, 126.50002359305148], [642, 517, 149.59774184309111]] )
( 7717831375031887867 , [(50, 350, 0), [147.61242639271256, 368.1568424291691, 11.922385949531861], [149.36324450603357, 268.89054843848567, 23.886395030490842], [260.8073415110339, 210.24424266348058, 255.87423684020823], [255.75358081524607, 111.18004708396187, 268.55274846470792], [452.9267784482189, 86.49961926289032, 291.18168203775502], [539.9646446177971, 134.43262908757475, 302.4438497595259], [519.5618661732498, 324.36633384331924, 324.54254507134721], [618.7663009759975, 319.3551233750925, 336.09104649406413], [642, 517, 359.31256890630056]] )
( 271284111208617846 , [(50, 350, 0), [145.99716286676497, 324.2936467637115, 11.123314471099013], [184.22662703953964, 232.96478397926745, 25.178452021572568], [278.6679424617057, 263.91672132272345, 36.260668226723759], [248.28837944270782, 358.1119711231072, 50.555319877535197], [536.1302306067204, 360.3230175763488, 89.695468933357205], [618.5894685858735, 304.85225086708203, 100.80708954348873], [642, 517, 158.48069535110014]] )
( 4451376871114090906 , [(50, 350, 0), [155.64012816904625, 335.6875214874413, 71.15281597030642], [189.321211054212, 255.9599689818076, 121.24375354532113], [280.8242339328292, 220.27712216899852, 140.05681409933163], [258.0946742782147, 315.6578013023454, 159.70097776106218], [552.0733606628484, 354.4601413735595, 193.42951045739346], [641.4521197651269, 311.0156093553665, 204.56549083888962], [642, 517, 230.79946483748773]] )
( 4932112879994147358 , [(50, 350, 0), [54.09683129413321, 250.7981565206315, 11.925192813631227], [241.70627080652773, 235.63970036328357, 126.61352189706409], [284.1639435147327, 325.4879790654172, 137.77742992546803], [573.2950253232132, 326.9539093335106, 175.82542788863071], [654.9632506538755, 383.20145795676865, 188.72946776823306], [642, 517, 205.11927648114059]] )
( 1293268144808248772 , [(50, 350, 0), [143.97370511625508, 317.7753003528551, 11.424162086316535], [198.92804857092625, 235.4281661586606, 25.529821428203427], [293.2807374763921, 222.04929730466247, 55.837839583402761], [255.68734934037806, 313.8225703188645, 68.659833528017288], [448.56530327020766, 341.2566126633741, 90.863107475631864], [540.7187352272066, 377.4804999788056, 104.84791946241531], [494.4953369142367, 375.22126865541213, 139.16027644681495], [581.237822285468, 326.95764526822575, 151.25837089021988], [658.434766534378, 389.5550148223934, 162.31283259261178], [642, 517, 177.42103319043363]] )
( 5842205133547432459 , [(50, 350, 0), [141.0492844963906, 310.82763341434355, 13.249659949382576], [188.03150067895862, 224.61231972950122, 32.212546037704726], [246.21634249893572, 251.3840570795619, 175.99512981963554], [266.91703426781294, 345.40225493648796, 215.2841577827997], [643.9994875223258, 318.6141534156013, 302.33605969456892], [642, 517, 325.27149447777606]] )
( 5170642574550429831 , [(50, 350, 0), [149.37605152701963, 351.8267656530702, 11.002877357668998], [134.28051304639376, 236.91054845028697, 92.342841567890162], [236.1806701161617, 223.9766546508693, 158.40086289786618], [263.14207565335505, 316.51283073268576, 185.04929113695869], [634.2744609457861, 359.6034952169599, 322.17871965141529], [642, 517, 340.12522028971898]] )
( 4861258204873727990 , [(50, 350, 0), [144.35970539755152, 319.220392638031, 12.20089209567529], [167.7348125613903, 223.10772129951883, 26.896427923068469], [262.06527402543367, 254.42125265647334, 37.906731912407444], [283.2843734215559, 351.2531122659931, 51.072626693231882], [554.7083308157786, 318.3716768642094, 172.63734796839367], [630.4987262720754, 382.27813237644733, 185.74386926279152], [642, 517, 204.22615950922395]] )
( 2926358346940964823 , [(50, 350, 0), [142.97420265287687, 314.85575139721254, 10.985419027386021], [160.18741828937726, 227.82927466837376, 57.13839894868925], [259.5440873738311, 225.0896821298324, 68.126890253919086], [278.7337037871762, 322.37492749234724, 81.062873272768343], [618.8021629646634, 362.4913102429304, 278.92416935185878], [642, 517, 297.97678390300689]] )
( 6941696933629242830 , [(50, 350, 0), [148.2162980088519, 335.8979977521074, 12.437537458710421], [191.89352067600808, 247.34904869258838, 28.292626248697076], [269.3302889881462, 164.2231209823701, 279.58152950750167], [264.07669212889687, 262.0723364151862, 299.52973141200488], [291.14233217841866, 357.7025084995974, 310.5896281482149], [558.9559864441738, 315.9749389968006, 351.38317898000622], [636.0800307666129, 378.6699296202644, 362.39317162642675], [642, 517, 378.14646612041179]] )
( 6862674916024834207 , [(50, 350, 0), [50.36326101945235, 251.5562637284129, 17.569827270691903], [246.27624844930446, 223.92666798463, 44.943278082440173], [235.69719642889504, 125.78802428617209, 60.971074917208142], [325.69159143777273, 83.75051534087709, 72.540720921314616], [523.9912144543231, 78.69588577715153, 97.111300856738865], [507.93907408970966, 275.07241755839766, 120.65422242048935], [559.4012198236237, 359.81091746239, 133.73222649154241], [634.5253036051331, 298.38812027937956, 157.89028978733484], [642, 517, 188.16816414713102]] )
( 2736277330027353537 , [(50, 350, 0), [58.79924082994318, 251.17775683294585, 12.519489456374764], [244.6704140387937, 205.66955428517065, 34.757213453517707], [247.27522234748167, 107.20105898302664, 51.995844681275692], [516.2551585523478, 109.8846068045685, 207.18167495409304], [533.3188177980134, 316.4393371561729, 312.86908432464782], [621.1639960546399, 362.7606412345651, 324.597743478133], [642, 517, 343.35422018490328]] )
( 7936926478581934868 , [(50, 350, 0), [131.59774614457757, 337.6132665850773, 109.97420366772808], [186.28591420125002, 255.88082179210414, 128.11288451195554], [278.48372906829957, 218.85942729344572, 139.46978915697065], [250.48383719835698, 314.22194864932044, 150.51494990373519], [541.6088306048644, 341.9077547973868, 183.77276101855614], [638.4887228134262, 319.8497767294408, 195.07462321960242], [642, 517, 234.24667115576452]] )
( 5604508892878768400 , [(50, 350, 0), [148.60080478762035, 362.544631652369, 10.977864634798822], [156.65906773079732, 266.0358759727788, 35.900233613605685], [235.90786052799626, 206.51591577773826, 49.204487766598263], [274.43333803632635, 258.4386617551681, 160.75809217635731], [241.7336381381761, 352.03126101691004, 173.84071385558863], [635.2108073441582, 360.2365124489835, 221.65307367242482], [642, 517, 239.56226902428099]] )
( 1354398772996425561 , [(50, 350, 0), [141.8216348635242, 311.9438043457201, 10.977856954469802], [162.91251539208167, 215.6314463771595, 27.684276710538448], [261.4208793340069, 202.48324229430023, 38.785040777966195], [245.65613420253996, 286.34341207930083, 90.928542142668988], [319.7672583065648, 352.44205067982625, 102.69762278624353], [611.5500349708466, 318.035148446195, 145.73877792627874], [642, 517, 173.17455436696332]] )
( 1255981655221371846 , [(50, 350, 0), [147.07942226579377, 371.26656240270734, 11.104913151909818], [167.75032659283386, 276.0390817196637, 33.564669095884398], [234.2487011236096, 204.81477949110854, 56.038319373934584], [260.1683502175608, 109.3816185683784, 70.893742193320222], [433.7157148496508, 98.09364352735824, 148.50451288692452], [531.2103646036783, 116.09023161284003, 161.57800081559148], [511.6980068978464, 337.4895395842619, 327.36583979542098], [608.7789936424412, 316.53691529503277, 339.03929464350369], [642, 517, 387.74185643647223]] )
( 3244786588654903754 , [(50, 350, 0), [134.1178327004675, 328.60918164325636, 66.956693565647782], [193.38348968164, 249.0965761269568, 79.814666446289849], [291.91187088700485, 211.49109909806523, 169.47479917284858], [263.9026376502996, 306.7366357575598, 181.46523702710246], [348.9265200114279, 358.21393681679945, 192.46645986356108], [642.1986558104496, 340.55929438245215, 237.61270605176674], [642, 517, 257.62936718648638]] )
( 3754488360703484977 , [(50, 350, 0), [149.2235340104727, 344.6632760591977, 11.23430799169407], [183.69593690062706, 251.75228935356023, 24.620942683196493], [281.3700804567183, 235.42394888437047, 38.518675523710293], [269.67931981275865, 322.73842312951274, 85.842123230529268], [616.7025969801098, 354.323472144528, 285.50455768401889], [642, 517, 334.20511154358519]] )
( 1205831686776179591 , [(50, 350, 0), [145.09942686526927, 321.1216400094994, 11.051666578229566], [120.35803247060484, 219.36147962702574, 93.121735231381251], [269.26894610415303, 239.978711752346, 207.62658305977243], [272.64202258514683, 336.9707576071922, 231.73395529203333], [564.6765412940808, 329.72290038841174, 280.43512424223275], [642.5303221163886, 391.4635382404653, 291.69933523518], [642, 517, 305.66376458481005]] )
( 3448783070350491660 , [(50, 350, 0), [53.426469112845396, 250.97504263876803, 13.50248603127992], [249.354733481097, 223.04014719108034, 36.377744009539782], [243.76077941279914, 320.76830504027674, 56.820709579249197], [634.1865944291362, 356.58915104885307, 110.15626507507659], [642, 517, 129.57464436856529]] )
( 8110161055858640386 , [(50, 350, 0), [147.27962155452096, 330.2066897183865, 12.037445671941944], [141.83373739051916, 245.28237262342896, 82.019572795886589], [242.29944964404098, 219.21319504944628, 119.83158557167617], [267.05446223452356, 315.3442152406333, 131.91530638302589], [543.8282748892094, 341.72604891904575, 210.93138274505554], [634.2326002867766, 300.4202838268962, 221.92645980540144], [642, 517, 305.5365313859221]] )
( 3217462798790539622 , [(50, 350, 0), [46.065012354938226, 254.576549607252, 29.645926994715083], [232.73563410770467, 207.89561792036568, 60.98843834270658], [257.280123450545, 304.1761444197134, 72.28570614990636], [344.7968209840364, 351.06297047553505, 84.22108193965434], [441.8932707983305, 334.5692515250389, 101.54842070365117], [535.8707693739314, 366.57236143993504, 113.54970052073769], [502.90271449433624, 307.88123470306107, 187.49873026293378], [599.3501441785281, 330.63637666228595, 200.9187459756069], [662.0604990243128, 253.56832939710944, 212.22924931755807], [757.1701665206024, 372.1145460565609, 285.58373153146061], [639.9794559833636, 425.3557103150076, 324.99467781306754], [642, 517, 335.11886674402581]] )
( 2051596405118594341 , [(50, 350, 0), [56.90548012519385, 251.02145153888816, 12.47242112710626], [250.48151279988792, 212.2043187693542, 39.045434634566206], [268.70777588353957, 309.86770017666106, 50.432588190061011], [358.54603338921606, 351.8445613755083, 63.356620542096863], [552.3325556920939, 321.5671454487657, 89.189529614207899], [633.302202407516, 379.1751903310239, 100.38012725792018], [700.4156333179297, 397.8661062942878, 159.24088863666583], [691.2271002677134, 291.98050214478144, 210.21876189339406], [595.645256105925, 273.71498872801175, 233.25095862434881], [642, 517, 265.7666311553665]] )
( 8299530920489051449 , [(50, 350, 0), [148.81597616600266, 360.6000451191183, 11.092425245754537], [178.95817611909615, 245.54139681982628, 125.28147423526869], [275.4501954501117, 222.0461891597808, 136.99750694409357], [247.56865380936472, 317.0621168679352, 150.94717064950493], [540.4489502300634, 322.633949859026, 186.48802839551377], [623.8921174817142, 376.59016487060916, 197.71142808708851], [642, 517, 260.1745341684138]] )
( 6854626898469257 , [(50, 350, 0), [147.87915737499068, 332.7202454936534, 11.003664651478712], [137.22972994115153, 233.25056789277684, 109.91290737350691], [230.98879057113146, 202.00147442302244, 125.1684869135408], [248.02453387855198, 299.816801959639, 137.08256047668866], [336.1785395310272, 345.198912085664, 150.09545285051195], [618.0372638197631, 338.8491544030502, 283.63411526102698], [642, 517, 304.07519206542759]] )
( 4974625986154796521 , [(50, 350, 0), [149.1727151841084, 355.25120277071676, 11.713130771597111], [179.9081462305564, 266.26593517563504, 45.431900461796957], [254.34592567296036, 201.27201826761888, 60.755338608567804], [237.4470024651623, 103.6812928856042, 74.55666875566375], [534.1503938273985, 104.9796653234787, 109.68111362368266], [495.75147098727365, 153.88017291621912, 188.00265013753352], [778.8845774198246, 161.38099234049096, 239.0081943709306], [848.9449668709283, 231.82028107382155, 250.40330001774942], [807.7657152509331, 322.24877861170404, 261.67077839839436], [726.5066955102335, 379.28277276820563, 273.67474529841274], [627.1977855335351, 377.13099601527875, 285.21208710862066], [642, 517, 311.15272926217432]] )
( 1635241635175521073 , [(50, 350, 0), [64.04946187668466, 203.05102941735618, 102.86553413521833], [261.00085007030935, 209.09563698893837, 134.50686251526886], [261.5314967718678, 109.72948613018532, 145.73568603305802], [538.2966372104671, 89.28453103965559, 227.49212530103298], [496.09344529742725, 283.51750033242604, 301.8230777688135], [565.8949296426765, 352.53812577031107, 320.89939941013387], [634.424437324736, 285.76624350192037, 349.97210680367942], [642, 517, 376.49348898587584]] )
( 9035465646852631829 , [(50, 350, 0), [85.95347608429108, 212.27109578406737, 211.60924797707077], [257.4619792456232, 208.55790639944718, 265.45401779581493], [240.14688330646703, 304.72191369469033, 286.73008776980765], [327.4476027170141, 351.9300653254687, 298.97650806336151], [621.7557662378717, 340.6657775474687, 331.96300597543535], [642, 517, 352.14691561712164]] )
( 4481547568511984647 , [(50, 350, 0), [147.43783107911807, 331.1029660937468, 12.197179351930863], [141.26987304670322, 232.37080762987804, 26.823087145154741], [240.34660883433781, 227.76517111189347, 39.574108199621563], [274.2346460461336, 319.19903428601765, 61.742770743570432], [557.9386510664232, 347.940408987545, 105.38240930985319], [640.9942128791729, 294.6616560037699, 121.60425052663209], [642, 517, 209.97908329706067]] )
( 5366058749297185586 , [(50, 350, 0), [148.89428476208224, 346.71135395090465, 14.460471934206057], [150.030211712008, 247.3319112430214, 25.525553815285249], [245.3943292212675, 219.60286383136872, 37.221066686573309], [241.207506699038, 120.54611714555051, 50.268344302574121], [339.1666598918987, 103.72008601188841, 61.263296873034946], [537.0700548696658, 106.13624336893199, 88.544058471974125], [499.06883286182006, 299.16146861670995, 114.37594526298541], [584.6855151317421, 349.27879857332204, 126.94722026241476], [665.6248245810542, 406.94154310904815, 138.07538626028185], [635.909857086298, 403.9309787985625, 265.72440765537652], [642, 517, 281.7054978555343]] )
( 7622719725028568557 , [(50, 350, 0), [147.05331038295992, 328.84304998572156, 11.534227750576294], [193.68015750235662, 241.33276980658874, 24.491387573395563], [263.91845023421547, 174.71596081520204, 98.848711933094705], [246.66478568285342, 294.7046700841918, 218.96240146367745], [328.8481842294833, 348.104225743042, 238.82131530011742], [620.0972680948366, 337.3723736377658, 280.27006083915035], [642, 517, 300.4982816316475]] )
( 2331235051862287303 , [(50, 350, 0), [116.4633110002599, 359.26856438777133, 114.05258213373526], [166.0053700385801, 274.67738096878145, 133.79887479890152], [239.86522014484632, 209.1364601831625, 149.58210149223356], [259.3096568098973, 306.56197950253477, 160.9918371653084], [349.00841008575793, 349.1533108344833, 172.8287352441323], [608.8328566361645, 337.4213879662857, 254.01506875008079], [642, 517, 275.96604718394775]] )
( 5095847858818345015 , [(50, 350, 0), [139.5417845840547, 309.38997130388594, 18.250873480563513], [131.47849623888786, 214.24552987910386, 47.958088884046013], [233.40110838903541, 238.23832530264798, 178.31179733849112], [272.1034509853146, 327.54355966923526, 201.2618254929215], [584.9437892306142, 340.27504187490723, 283.38249335231603], [656.4032938803009, 403.4283833569862, 313.46894636474894], [642, 517, 326.93519009289997]] )
( 4049027354533468172 , [(50, 350, 0), [148.84797734090506, 339.6012405941249, 10.997416898101363], [170.73147649079706, 243.07869091275973, 25.298111565321939], [260.4641097635291, 200.96139121229115, 38.49612626005144], [242.86158418352224, 105.13152421877611, 61.00807164934244], [537.8616988332243, 94.87262601289098, 99.90736763278106], [507.3610602048015, 180.9057529640823, 140.74867160631453], [674.5801343911618, 161.9141054366825, 283.02031537401291], [666.2461370551305, 259.88353754544835, 301.25585377267129], [601.5460335001849, 302.52357966088255, 364.46758850897885], [642, 517, 396.93117197024895]] )
( 5687267889450801036 , [(50, 350, 0), [145.47072623531437, 322.70723871465026, 11.850975213988418], [193.51750984026827, 235.6961767872603, 22.831944546731606], [284.50419488770484, 239.1889105934033, 80.355370673559065], [237.37067073008154, 151.71420270039494, 91.607320705246849], [303.178996345597, 77.43299216537346, 103.91853677572941], [497.75302222607723, 109.76576332925325, 129.49397798060073], [572.1223074736048, 175.31089137980817, 142.64865777937356], [671.3204939582981, 169.04936475955444, 153.62650285624773], [622.9467116566353, 361.76636471369324, 176.1124880145158], [642, 517, 262.32286272507457]] )
( 4348966184427184730 , [(50, 350, 0), [69.3232996479054, 247.0979754063448, 122.40272656405263], [258.9990442013436, 226.19951372272124, 146.42250047343052], [277.5198172812478, 323.5525330067852, 159.81543147449838], [571.0450189698256, 357.89547276042913, 195.31425557397245], [625.899164456614, 275.05908057350854, 206.678887216438], [642, 517, 360.37424472514567]] )
( 666715880551077227 , [(50, 350, 0), [143.96664589654299, 317.9632094471862, 11.996395709913998], [179.74517847434078, 261.03905393915187, 86.0202913536626], [249.8418007026414, 192.66331288740938, 106.29889061021787], [266.9049397761483, 96.58247733788819, 128.14659815732745], [457.4200001671746, 79.78724064335871, 179.61846039575985], [536.9922354240047, 138.98762421989144, 192.40806401053555], [522.5367210025275, 325.8099296662665, 215.09440099676686], [619.6747698338116, 339.8999270262404, 234.21693858064941], [642, 517, 254.46582991751617]] )
( 8808929862149154560 , [(50, 350, 0), [145.62033312387948, 322.9150543107634, 11.097639852212868], [156.40236095695087, 224.32977288743774, 23.930806355089349], [254.1013443489316, 242.54477176807688, 35.026862409011812], [274.24273926163187, 339.8578360402306, 46.184448749001689], [618.8294892307703, 331.09341767652785, 214.21738986346992], [668.5451409477125, 417.044433885491, 226.08232926517974], [720.7401430904562, 332.6538120881363, 238.48816273072438], [721.67295509654, 423.6393796227813, 279.97016319068126], [637.8799307831117, 370.92446341734313, 294.10758466218209], [642, 517, 310.48696162937517]] )
( 8164749518366266753 , [(50, 350, 0), [147.50003320885213, 368.61364270350816, 12.135725342099256], [161.87592133739207, 250.40907972169583, 137.20102168658261], [250.49174850994316, 236.51656251979838, 181.40773090949963], [267.7785532682104, 334.3709554265366, 192.61862606123694], [559.9100802517366, 341.6077663838112, 226.09297643025133], [647.989276518216, 386.17392045338886, 242.09026046528891], [642, 517, 257.58696688496588]] )
( 3769745695785113337 , [(50, 350, 0), [146.38929083285174, 326.09301949327374, 11.728635717377047], [201.86691216712936, 243.96351526839354, 25.031946089832765], [263.93469034624434, 170.7781098781107, 53.165331058018509], [279.9105782141769, 72.92397378094635, 66.178365120406951], [478.0221386766321, 86.50456066745161, 89.774012684167857], [545.7979523330384, 159.0397491736758, 101.81915741466401], [644.2037928905665, 147.1775401940632, 115.06976277028295], [642, 517, 261.3407800280678]] )
( 1772612463840728882 , [(50, 350, 0), [139.96557531909144, 308.0160648510907, 11.981003585554106], [179.14981747535555, 218.0774131695674, 31.362285801880319], [277.8639677216129, 266.6384784997479, 172.01819629481142], [244.57903569236083, 347.40468416307726, 220.68988542264896], [609.1929403104482, 353.83730048532993, 326.38338153145082], [642, 517, 345.2008584814991]] )
( 5517619483313790527 , [(50, 350, 0), [148.99949818762386, 341.18044559575736, 11.014300645491105], [159.83191271111502, 249.99727313365696, 50.615914947664656], [258.38094028394306, 237.92581825500127, 62.547769018284072], [264.1703145994311, 336.56305611113197, 77.948368134820555], [585.9834751768816, 346.95384157394005, 209.99546691063176], [671.8297552058614, 396.8014528499771, 222.06326933108485], [623.213456250045, 482.9604782624401, 236.66045453280267], [642, 517, 240.9545439716556]] )
( 5868490843634781632 , [(50, 350, 0), [140.99956776700463, 310.01986203023404, 10.984863865192422], [189.67537291581783, 223.82958617243875, 25.194098210220396], [272.34729594426824, 253.7932860465558, 68.685239604863312], [260.51606134725915, 352.3304301153398, 80.951173188501897], [548.9369286106667, 351.2317162296283, 146.51274030590605], [628.8772953558696, 292.17844617939363, 157.56937003727151], [728.2494281588195, 291.76772929037566, 168.75018100204318], [761.7902793406455, 385.3225532237299, 179.81843383605815], [663.9933763687627, 399.9537361051277, 194.70783465003427], [621.1025463190025, 489.6176270732352, 205.69707275382987], [642, 517, 209.50144313739341]] )
( 6022305372413588720 , [(50, 350, 0), [144.29209470584058, 319.01198765535753, 12.196063582692487], [161.54718141753375, 221.51047967472022, 26.185985815273625], [262.1526676261559, 241.89307549482498, 147.81997332867886], [273.114253065238, 339.7851744533449, 165.05309858665353], [558.587104485132, 337.3245887008666, 200.84568776340538], [647.6116875739101, 381.45445894650595, 212.12301714461512], [642, 517, 231.04955705269094]] )
( 1023700951733628075 , [(50, 350, 0), [51.1193395895555, 201.9740210824349, 109.07907603861925], [278.0793256108132, 245.36074612390092, 238.07541973937845], [266.93007821500277, 338.95498021382497, 271.47921634436807], [558.7851769283143, 316.05884670704626, 305.22392262782233], [639.9854842351176, 372.0586408969193, 321.67181440678803], [642, 517, 341.13024035161959]] )
( 6296134419945369419 , [(50, 350, 0), [148.93894449504106, 359.49912559366356, 10.993264991029257], [143.97049523956545, 261.95310096221175, 32.442917449658111], [240.41365545259714, 238.19607940372353, 44.032601431243762], [274.3432924720978, 331.41838856032894, 56.617545103553802], [534.3295396054217, 365.1712735024369, 141.78422446900248], [502.8877180271064, 175.51916708947346, 176.8645587589931], [796.6613646408027, 131.78230579128706, 214.81645837646334], [832.7132658213434, 224.31873519708523, 226.5326716765986], [822.8201295477771, 323.1046983341104, 238.51012306505953], [694.7458541512483, 374.29756013443676, 326.54194813965466], [634.807296939516, 451.97726054071757, 345.86120030339936], [642, 517, 353.08649458542038]] )
( 1792667310588294717 , [(50, 350, 0), [140.2595717459172, 308.4805969968781, 11.373165017178467], [190.05663053299315, 223.3140509927773, 27.71061824244866], [275.47618875156974, 274.38237845950636, 104.08022043035658], [241.56857927071795, 80.41350286748154, 133.02831029620452], [511.90489563833637, 111.19941855467384, 241.91068060485475], [517.9390471521845, 308.5917513950634, 264.77920746295302], [604.4947947718113, 357.395419416618, 276.01773679954147], [635.2323981080385, 451.52035617106185, 290.00687623399881], [642, 517, 297.2773531399352]] )
( 1175271617096618868 , [(50, 350, 0), [144.2238507283663, 318.47217208452884, 11.307608980283019], [160.8222800922772, 221.73621817584603, 30.455647105074306], [259.8617539890193, 214.2866971525111, 42.104133993053708], [263.41863530306665, 313.61723723422574, 53.094693687294097], [445.0039149192371, 333.0918366344137, 75.163603090560358], [531.3146066754435, 382.05125175973006, 87.550699568430318], [526.8961312318953, 187.16121177170646, 131.9739952501298], [510.3170565890981, 244.27657787591892, 252.78046650777415], [540.4815885990781, 338.92422629146347, 264.26626896238582], [635.2197210168074, 365.1689640559637, 282.59384397037354], [642, 517, 300.59894646531063]] )
( 6241094602100760827 , [(50, 350, 0), [149.1206004687212, 344.18007483486406, 11.884234674238401], [146.443859389662, 244.82671207873022, 22.918017626778202], [255.11067360225059, 244.35704063324602, 135.02871563381069], [287.8138285280286, 338.2175517613308, 146.01543983510152], [578.1919556863492, 339.9416519536311, 180.78780092401948], [627.5696616362137, 364.0869656492042, 243.85605763299577], [642, 517, 261.02226981302988]] )
( 9124034967722497587 , [(50, 350, 0), [148.94095903519445, 344.914249769219, 13.594917056976966], [154.86717983344306, 245.96755555315207, 26.802173046112209], [246.34959894328586, 207.37236635298507, 38.692436475253771], [273.94118355493356, 105.96302983681754, 100.24345273400996], [512.8125587796228, 82.29546650203, 239.54059087811243], [540.5860297196214, 177.7278098552977, 250.55431658965421], [636.5048087328014, 151.70467231542824, 261.61705337590087], [667.5931201961973, 245.9794952620746, 273.69077064662423], [601.7956596790957, 320.3605391256387, 285.44468502724686], [642, 517, 366.2601599265335]] )
( 3348931995802827530 , [(50, 350, 0), [149.07180604699283, 342.12980980000526, 11.083201378795755], [145.30046495538502, 243.5499469687946, 27.447419372651744], [243.2777629185943, 239.77005345193274, 47.098411429789621], [261.72562636957986, 337.15652446498046, 60.348000016557364], [545.2482127501423, 356.11725159043147, 106.95789191735744], [637.0048756085928, 285.60583853129276, 217.01705287319237], [735.853537851506, 276.3538773552001, 228.98965439427113], [712.6957923694265, 374.52477706409303, 268.21985450995277], [636.5657667853884, 438.4164666140744, 279.26843862840491], [642, 517, 287.96838922884376]] )
( 2748254328088561605 , [(50, 350, 0), [76.0760629579141, 259.60298174589775, 33.888317033786244], [276.45275706308774, 214.28921343368742, 138.08314718546586], [237.67327401287315, 123.67916008237802, 154.99379253184418], [322.391349126132, 72.31892748093081, 168.59431664782861], [418.8738811015673, 96.14176175890569, 179.71158207477845], [517.0464242507505, 80.61460835616157, 190.71427623709184], [501.3298816301433, 258.6477164397702, 305.3388871341358], [547.959391118538, 344.4441800982945, 326.89476031439051], [641.0713854990936, 370.7673505225003, 352.13851600354229], [642, 517, 389.96559235876373]] )
( 8477195661791713699 , [(50, 350, 0), [143.51178411642223, 317.39956150069685, 13.883718558685901], [182.29034506656302, 228.08037213365571, 68.280475250356318], [280.8650836301796, 215.3958564187513, 79.331447071558046], [240.9149745113064, 305.0511935295593, 98.460203145529249], [333.2857037451897, 341.72910155536937, 109.5227274348057], [629.6320926933081, 334.7824445371816, 150.58112728561184], [642, 517, 174.35736808273279]] )
( 4951355488975552891 , [(50, 350, 0), [149.0964636498241, 354.5146452687847, 12.629682109860374], [173.18067080804218, 258.22489355750224, 24.804848677083232], [270.3390647465061, 237.30636881586528, 35.880127902989067], [271.8892164939307, 335.95029050220757, 52.219459097953163], [562.1263938728107, 351.59431554559643, 87.428799927031818], [639.8175305090849, 289.68061844236144, 98.864769460597756], [642, 517, 133.04548163273128]] )
[16.098118, 1.020779000000001, 1.7354759999999985, 1.8383850000000024, 3.8512429999999966, 2.3952969999999993, 1.6276480000000078, 6.766540000000006, 2.479618000000002, 8.497809999999987, 0.3964260000000053, 12.59500100000001, 6.5640439999999955, 0.4912620000000061, 0.34753599999999096, 1.5923980000000029, 2.08216299999998, 14.784008, 0.5009299999999826, 0.22427200000001335, 2.3697389999999814, 2.0626809999999978, 9.103402999999986, 0.37986100000000533, 4.289824999999979, 0.9288139999999885, 5.939921999999996, 4.88545400000001, 1.303432999999984, 0.7120739999999728, 1.9718190000000106, 25.306858999999974, 9.313144999999992, 1.4636759999999924, 0.7483409999999822, 3.3202509999999847, 1.6694530000000327, 7.591613999999993, 5.312076999999988, 3.9494380000000433, 4.298001999999997, 0.591542000000004, 0.9678769999999872, 21.037536999999986, 2.325595999999962, 3.824354000000028, 2.621804000000054, 2.181472000000042, 1.3216199999999958, 1.1967799999999897, 22.394964000000016, 5.492624000000035, 1.882364999999993, 0.7544550000000072, 1.4897229999999695, 4.533867000000043, 0.7826739999999859, 20.141584999999964, 2.2263379999999984, 0.5225079999999593, 0.32581500000003416, 28.128728999999964, 19.996533999999997, 1.6229710000000068, 4.697790999999995, 0.3843959999999811, 17.07643200000001, 4.955738999999994, 1.130416000000082, 0.8637069999999767, 10.361517000000049, 4.111491000000001, 6.7332870000000185, 3.235147999999981, 0.4097829999999476, 1.1477089999999635, 2.7724269999999933, 0.49700899999993453, 2.2777150000000574, 6.342088999999987, 7.899913000000083, 2.1690660000000435, 0.8747160000000349, 5.126715999999988, 0.6431830000000218, 7.7213199999999915, 1.1829649999999674, 0.2643829999999525, 10.71628499999997, 0.8519620000000714, 4.329621999999972, 8.636845999999991, 1.0857730000000174, 6.288369999999986, 2.5601219999999785, 4.360408000000007, 11.666871000000015, 15.677371999999991, 17.011090999999965, 9.25036399999999]
