( 2668230613738166046 , [(50, 350, 0), [189.6919124770268, 313.2256368649532, 18.18103199216285], [194.82603348227366, 224.99186758286552, 34.36581366909396], [262.27362984276033, 185.9469981450433, 46.397414678356292], [250.75531430955795, 112.51254915801043, 74.088880467854324], [480.2856141978256, 89.68463807132859, 103.13629007353653], [545.3769934461412, 173.30936996641614, 117.58563731631273], [664.0615315075196, 178.39989641300795, 132.91763567399252], [654.6688933741016, 256.6996682481822, 142.21121138715722], [716.6557409808353, 305.11842223417426, 152.20814609578909], [671.0068901634206, 419.54059249064704, 206.01987307478947], [635.799564532078, 401.7063207139386, 212.53009366115211], [642, 517, 227.11146614316203]] )
( 1874198043369847906 , [(50, 350, 0), [188.46470844444048, 294.0883099775571, 67.410659599916301], [187.32125490123045, 215.75061690918326, 80.967915208911009], [270.029822414943, 244.01233438654307, 103.14736982995259], [274.6109481061341, 320.44633465417337, 116.50487588934888], [505.991817515352, 338.0040006905564, 144.84830292499541], [532.3953417466738, 156.56201317629686, 170.2877867909632], [644.8050577959484, 186.3931825245549, 184.15041533974093], [642, 517, 293.4511493468296]] )
( 1535286686743877515 , [(50, 350, 0), [173.77710979653384, 297.6351052082909, 75.762193409471337], [198.40969844179014, 243.58131411057292, 84.936417865930224], [271.60153994815465, 176.24837984122436, 104.77058778574109], [251.3465127446844, 101.6739155612029, 123.08116958967321], [485.310103298474, 103.3685701122073, 151.19509292996784], [520.1413611523278, 122.31570594194054, 156.46666956016023], [567.3354872758282, 181.47240884864698, 165.64321970115782], [640.6812376193316, 178.4338728246279, 182.86538574363749], [642, 517, 227.90112937240485]] )
( 2541960920319169546 , [(50, 350, 0), [51.44608246748426, 257.80729227292596, 58.506537860405984], [242.54469464661602, 224.68295653426676, 149.54555122554297], [260.5246363756359, 84.54461156574322, 185.01474970364225], [523.9880990197587, 103.70050771982275, 216.92677769285052], [529.4118454848298, 143.06254038586076, 221.53257389767612], [665.6686943048849, 186.2202797602588, 239.63900669459278], [664.9158557188601, 265.694579216321, 248.73097203922219], [736.3078260272188, 361.16486110515075, 261.97750259591629], [638.7090591242066, 426.98324205349013, 275.65661443512994], [642, 517, 285.60523137319137]] )
( 4149152839910957369 , [(50, 350, 0), [175.03563293424966, 308.70965114633316, 18.284950420969068], [168.29986880930926, 230.93130333194205, 33.959411229615505], [247.43989034174575, 230.28119977363355, 44.295852857520828], [263.00224025922046, 300.52774985978573, 61.93850871046412], [291.83992147671734, 326.3467456714242, 72.026501438287823], [644.6534492945234, 353.95683391992543, 122.95859398668698], [642, 517, 143.26760262756306]] )
( 4418496450102811481 , [(50, 350, 0), [153.73839159560313, 304.07051258325225, 41.185688227990042], [196.23669265225752, 249.16641709650517, 54.999087695366427], [270.43807370255945, 253.4194283905603, 109.72362198672785], [276.9576306080089, 356.5523630620661, 133.81192693286187], [630.3693752295706, 352.60420371737825, 176.90728729359321], [642, 517, 199.53396559541076]] )
( 1042130272536408049 , [(50, 350, 0), [179.5313838463284, 308.72795899898233, 41.401826038665675], [194.4756699925351, 251.55917838557713, 57.425376906755069], [232.05088067622398, 238.9626715811055, 62.850462933841754], [279.0500011531852, 300.86204016559384, 80.026448030750714], [280.0891892337952, 339.571928445306, 90.049652982527434], [603.689269293993, 351.7709140637148, 149.88244990376052], [656.6307190975008, 423.18647333725875, 165.48641986822355], [642, 517, 175.97297943317645]] )
( 2830215817407972403 , [(50, 350, 0), [174.60314130497596, 300.5445220230484, 17.788695777105545], [179.76393782136194, 252.2065838912451, 61.507819736282329], [271.19026059970815, 199.42137315752115, 81.469762397424887], [264.52669168870784, 103.95558246027613, 106.86838235394977], [497.7249746089954, 108.24389427072543, 137.06177586240227], [560.498230810105, 177.09069951839717, 152.68222901951285], [638.4167263569016, 171.05825376737602, 163.77758402693118], [669.0891408969777, 284.0465826642259, 177.93881143251414], [731.7092695232678, 327.5676909772138, 187.87376710283593], [675.996331126957, 413.5216873285078, 206.92157670693487], [644.4548917385844, 388.1208898454982, 255.95440265176239], [642, 517, 271.13292203198216]] )
( 1584989355732632983 , [(50, 350, 0), [194.1140103274809, 282.2914127706645, 25.081475519837696], [176.79704827323215, 212.30235514683892, 46.360299748508695], [255.5080857668585, 205.92747035683036, 56.232301421623092], [265.56209422485955, 300.37798400279837, 122.77493069104524], [292.9342154203942, 328.9628382757313, 128.57778235657563], [636.5408260199315, 359.4668597409509, 207.57523286828672], [642, 517, 242.22607734524124]] )
( 6694417120675067850 , [(50, 350, 0), [131.1516694658007, 311.9521043144799, 30.471349392315716], [199.94796183205722, 224.5021444616047, 111.89365999506971], [238.99851251466634, 220.32006953290954, 119.48080311193233], [257.4191710493011, 116.87720258523902, 146.72729216920391], [436.1953097319465, 85.21351007776107, 171.70259138540175], [526.8444958220715, 110.89901593779089, 191.15548711597737], [536.2989648856548, 149.48417859648524, 195.82434536268477], [643.8195882909258, 178.083791452951, 211.77179384469397], [651.4566891759287, 270.47380498990475, 228.02678003898683], [607.5676852815395, 389.5971825763753, 263.41249508145125], [625.0226921275034, 425.2654083791483, 268.21878305552792], [642, 517, 278.52253459300135]] )
( 372269545219225157 , [(50, 350, 0), [193.4034898974761, 301.22052019348394, 20.882755688172569], [185.0534485304931, 226.22862003852808, 75.469586134527759], [262.8147649599727, 215.06456396711826, 84.284375660808621], [277.5437144350186, 315.95624319655957, 130.31184800668566], [618.3233806939143, 319.48914103873926, 172.51900326696256], [681.4483062338866, 256.0686204450939, 201.52972712510618], [712.2292980671979, 357.57078868397156, 247.98068517726659], [651.8884008728298, 417.88163426509993, 264.48838027990234], [642, 517, 275.4899325512319]] )
( 9025325493313700725 , [(50, 350, 0), [144.3893228998869, 308.5355739568903, 16.236335451545909], [200.01217413503903, 217.66609027378615, 40.267293993967826], [239.36292491290075, 223.26279285636917, 44.761215824699242], [272.3508692446521, 117.9496131430898, 62.190101059149129], [292.5069482797986, 84.03610630141146, 68.793625241611309], [487.39017019146377, 101.54807364883888, 91.130185519334518], [574.3012405084635, 167.90550911456026, 105.5814171483326], [670.3503859869868, 184.45574464604957, 120.51973814472396], [654.4492286809054, 262.20760465637096, 130.00668230903403], [717.6262052227496, 307.08464032010534, 140.91760993743847], [690.2291035971973, 418.4675975404034, 159.76087360336618], [644.6946103243026, 417.8216724377291, 270.92615503918745], [642, 517, 281.88402937529344]] )
( 1389983109257847399 , [(50, 350, 0), [178.36135131390745, 300.7397179061003, 20.312600298893347], [180.77094875048869, 225.68156157036285, 39.847371726231955], [254.50047259441564, 219.99983402522943, 49.550567682698258], [265.46675710580297, 311.9493747068949, 110.33199924862143], [337.49962773487425, 339.1268533935639, 119.39979933362451], [620.5908966011255, 329.3033684951661, 180.04257113390418], [642, 517, 208.50323268425876]] )
( 2263716447922810852 , [(50, 350, 0), [178.78913705706566, 300.10876731928244, 63.331410228516475], [180.23093659277637, 230.36306341648094, 75.688000655498769], [256.15852027487045, 206.96788092090938, 84.965589491529073], [270.5522415355913, 113.48800412216829, 122.25218163048173], [480.72492809576454, 101.62402685952966, 157.62610300453559], [516.9753487744983, 117.59391464599777, 163.18215238358576], [545.2691978143416, 145.50457436190462, 167.70467167413744], [646.461229444175, 181.33296384160144, 182.91234558542442], [675.9810778695629, 288.6825388109552, 203.34307590532634], [713.1021297833793, 302.4147244489121, 209.1270695443647], [691.9621803127731, 376.7241670604387, 218.91391601714079], [665.4373041886143, 406.33584430076206, 223.33879088689105], [647.0599772645072, 441.2289271783261, 230.02808251036907], [642, 517, 238.4153204285528]] )
( 8140983921579866717 , [(50, 350, 0), [192.67144716425304, 307.87124467194707, 25.706864922291938], [178.79150129578434, 233.92141475326054, 35.248034698829493], [251.91274224342925, 200.327928871358, 101.18842863628745], [257.42753533303767, 94.77982676391238, 125.77536516269515], [509.59281120018994, 100.9686798285357, 238.24885763382295], [524.2666065657605, 345.5037156765466, 283.76042375932639], [602.5998229987582, 357.1826776358686, 294.26883072446242], [631.8748711488411, 384.0360134841436, 298.94535824283332], [642, 517, 342.41829094484893]] )
( 4983745119566099060 , [(50, 350, 0), [80.15791154479018, 257.84088693830904, 16.506222523053108], [248.55894472613818, 253.58788221698083, 144.33379588801191], [266.0669793305302, 330.4560944006003, 155.00816724013367], [479.7604290140651, 344.11128858752033, 183.83291341363318], [615.5564102279584, 350.2073948893879, 242.47591443187952], [642, 517, 266.8586954928096]] )
( 5149284491347694597 , [(50, 350, 0), [179.21910909295764, 309.61930665042337, 20.232966843340421], [167.25265004940118, 237.87199658757376, 42.71794584638041], [230.21452323116716, 241.80497039462466, 119.01699282804634], [260.97619901372076, 266.94035783484657, 123.70011158363971], [280.04426445511035, 350.3333581494656, 151.52226324972105], [607.9989822138394, 315.4863545044334, 194.88162846808035], [665.2777790745316, 260.41991898172006, 204.12674940489262], [749.8471511479972, 367.00179338911863, 223.07137877154253], [623.2587433223963, 410.1466695248696, 260.08158617927205], [642, 517, 279.10622223668514]] )
( 5255152446222485014 , [(50, 350, 0), [155.13517645522847, 307.80899759141545, 20.979549233691628], [208.16878599360447, 206.43298789899737, 46.504389116330408], [247.91170543214793, 205.5688991619441, 50.948903168051146], [254.63434161507686, 93.90258911157088, 84.067390803512382], [480.44170378227045, 88.63820353759884, 113.40083139904294], [504.6197704467857, 120.17355518214538, 117.97714968135806], [522.1211464365274, 318.8420305249258, 171.85655266704549], [620.6523786383641, 350.07370275933397, 189.0954879836041], [642, 517, 211.16040706042148]] )
( 2008182497788162368 , [(50, 350, 0), [144.60202455659547, 338.1066367565459, 39.391939097827319], [226.28903227584146, 200.8027185796484, 80.009834741839256], [265.5999004269082, 206.63150456800307, 84.557460398311463], [269.1514196961885, 129.21996574349066, 104.38967481257276], [282.6494240802273, 91.86084241867049, 109.09071534093955], [503.01674291963724, 107.52940991898669, 144.02960446616015], [554.9145290464293, 167.28191885182878, 153.35067354851984], [652.2944476712646, 187.4093627602525, 179.39708959797468], [653.96727355364, 296.49118029517314, 194.67452354101491], [693.2971376617478, 300.32007023744535, 200.87947245681906], [700.7796208235202, 389.4879477666732, 215.01462394941026], [626.9868111880645, 409.0927626700399, 224.51311551563683], [642, 517, 243.77032304465399]] )
( 2285483567484444716 , [(50, 350, 0), [192.9145530859002, 303.6355744318975, 21.108406093916766], [194.33592894438146, 234.51756534630135, 46.204214506485478], [271.66076146606065, 181.79113478266197, 64.213753756753903], [270.07455095050454, 103.71720606010193, 80.553834741424012], [487.703115712512, 95.48153069087914, 111.37813016301703], [552.7102925373013, 157.52104949407254, 127.45667357149426], [629.5124237682015, 177.0614041558158, 137.17912213092356], [653.5502134250978, 208.61811296398287, 142.31320409436745], [609.5864147274025, 352.00603028128535, 163.37674738310136], [642, 517, 217.53801491939407]] )
( 686792091217714256 , [(50, 350, 0), [166.5964628642392, 316.7102030008476, 128.23355805186372], [201.45988880055737, 207.02811267562984, 149.65030791087656], [268.06655104288177, 248.89327266600372, 162.18159749923552], [266.3473578219884, 327.1477872215867, 174.52402045982126], [619.7814314293654, 362.410548459189, 279.53584888273838], [642, 517, 298.57561992973928]] )
( 461654725029484359 , [(50, 350, 0), [153.96340538866104, 302.4408330349463, 169.38848639297831], [206.97674426024105, 217.473317549278, 191.03163860724757], [269.3317586716821, 265.75477979776355, 200.61841816516008], [272.7069036158621, 339.4870477615774, 219.74618900652303], [570.6338797384605, 325.62398407145287, 292.14222641051657], [642.4803451049548, 412.33675927571835, 310.15152686890173], [642, 517, 324.07276554455052]] )
( 3564492633363529788 , [(50, 350, 0), [154.50099145485365, 299.30500388367386, 63.539244287298132], [161.66580426097573, 260.44662339882615, 69.759511447801287], [239.72815502511207, 245.6342389227603, 79.057281994225889], [285.66967665202264, 345.15194031610304, 97.568113125397417], [640.312282953701, 359.214824601523, 194.20449033509044], [642, 517, 275.0497340831688]] )
( 632466336922397582 , [(50, 350, 0), [127.4818658301833, 325.4732186832234, 56.552008698887278], [227.64110903020403, 210.58472361923546, 76.663535493447569], [266.5465189211359, 202.4418796667378, 81.142728901177691], [246.78560937598118, 128.4000864493428, 102.49720217544558], [277.34196934412967, 103.20183832980584, 108.09694834854876], [514.4913661707367, 85.26732922946437, 136.22114067726247], [535.2023895719349, 161.46844903171095, 145.40078531839009], [650.2448262501505, 175.08455679206637, 160.73777005223542], [667.2530784664795, 290.5501498419835, 175.96080736999005], [706.8250845268639, 288.6588863508116, 181.48162784921783], [708.6484875373693, 381.7129934068588, 244.9913588941601], [638.2932549491749, 435.6464859994359, 263.77811530879814], [642, 517, 272.77259311853965]] )
( 611528257272377289 , [(50, 350, 0), [157.7304266642695, 314.2752520130765, 14.614839799002137], [214.79065226232387, 214.64107093458662, 52.721531123206148], [253.0816114805219, 204.50558387467854, 58.295967795079974], [272.664980716571, 89.7438693821956, 89.966437620751364], [536.414474522324, 105.08987972477777, 125.51058508810212], [516.4790695226405, 177.30374696314732, 138.70901431754686], [533.1681202712325, 360.01078493256466, 192.5437578792864], [623.713990753594, 327.6287606508664, 271.75314844823339], [642, 517, 299.94875231788836]] )
( 8939227732211774138 , [(50, 350, 0), [157.56267033742824, 307.7948428852842, 62.035908569132218], [133.35228547904305, 237.83930678126347, 82.616716440566933], [227.27728966162977, 230.22111627146182, 133.13077560603381], [274.7692153796011, 293.68391132067694, 143.64815153965034], [267.4307583268936, 332.75853926518465, 148.0436605072064], [595.7163515679215, 324.27600995354237, 189.60268957129421], [628.593180233089, 301.91910822060925, 193.99394017051929], [728.2298067632211, 270.01793115519973, 210.09090220559699], [685.4638375631567, 391.986035242052, 248.2615470122187], [634.3272727599734, 424.26250351722325, 285.15457416977557], [642, 517, 295.43203973970111]] )
( 3059619160722740461 , [(50, 350, 0), [140.50438987446128, 307.8209001806612, 150.3372806650309], [227.3733023399881, 203.62165564616114, 185.75507431238282], [265.4887594728688, 214.93028103377716, 190.15131354542061], [267.0223479876204, 115.64400894843877, 208.38445090278054], [343.3959598576092, 97.01539494217883, 221.6760070031028], [499.7231983115029, 108.02757432931811, 239.49117315802431], [517.8107105492418, 312.1303742648163, 269.43267860843775], [643.769905140984, 378.30309283378597, 289.11317916454072], [642, 517, 305.40025080201207]] )
( 857117092960655842 , [(50, 350, 0), [160.61632673220325, 315.6366343420306, 14.081566618723169], [209.19760383965544, 209.85936897874197, 38.33917164891124], [278.99969375169684, 300.7319316487422, 58.138526322123141], [278.77970577548507, 340.4008877314293, 63.269367247367782], [588.6399323174726, 318.55960444340553, 107.50871663188973], [639.0645572277946, 394.76823404513374, 255.53937686833865], [642, 517, 300.54636548918234]] )
( 6444720820007507262 , [(50, 350, 0), [129.41103096094946, 316.64716689148264, 56.26854175842994], [220.7493069876163, 205.11785500203786, 100.24629235272711], [269.75938058126854, 189.2153091704647, 127.03916025444079], [257.3496426094876, 75.90884120882241, 149.84926606535748], [530.5884796122964, 113.78318842817296, 182.85662036171078], [507.724046104394, 319.8559765065291, 226.26867182413338], [625.4829321740842, 362.6617852898589, 259.96453650562103], [642, 517, 287.31899819680643]] )
( 2642038913502192483 , [(50, 350, 0), [180.40770320473686, 296.9416430574435, 18.541309255406603], [170.98167789046443, 258.36553303718597, 23.340661553340059], [243.09919856078372, 231.14368862631966, 34.14771707618808], [265.87730084123945, 341.97902510227544, 48.267176374556421], [634.3671269233164, 326.748098972942, 106.03719042992233], [653.5112434369477, 276.2813555777001, 122.6628685979024], [738.2280927581148, 330.580595140289, 142.34533489106923], [649.563392844242, 419.88287154014466, 167.52052715898742], [642, 517, 178.27918727726035]] )
( 7680699471145071341 , [(50, 350, 0), [128.16350833712528, 344.9000653305713, 9.7291158916570346], [187.15232477014808, 227.25318543681357, 54.815759065022974], [266.7986542788351, 263.33721649115637, 98.194285930076106], [272.13916910722503, 302.39040857942086, 105.00068652693068], [288.750164957903, 338.4595217606293, 109.80629691167248], [577.91583396701, 328.16139631482076, 149.29165832882853], [631.8316379260323, 425.1167984667745, 164.08854221299657], [642, 517, 174.29861105949624]] )
( 5447033958587631777 , [(50, 350, 0), [194.44360101317613, 295.5275357191916, 18.599146317744385], [180.62273018886785, 258.2491170743813, 22.992668025900866], [218.15739222234424, 245.1431366859916, 27.395215480710554], [257.8707477114906, 246.36038090892677, 32.017737767776431], [271.8101313037782, 332.2736761604328, 72.804084987828688], [630.8958195662177, 331.93502366082237, 136.46697769654284], [642, 517, 169.2191350315787]] )
( 6156229045362250795 , [(50, 350, 0), [172.3646113732468, 289.40930350289756, 64.660130565813489], [186.22154010127178, 252.1663977968189, 69.237411504817558], [222.6550395294616, 236.32079807559217, 73.876063129023819], [255.35858988407395, 258.91678134333347, 78.336930126288934], [283.0776847907713, 332.4383628520012, 87.498866120314332], [492.00153173427543, 331.9631170698387, 115.54053693993674], [538.2970216031592, 149.32341633571716, 145.41436996189546], [671.4629015795084, 161.7734980781206, 250.63078778334983], [627.8114551363814, 389.5781028952099, 291.9479269711108], [642, 517, 307.14096920681772]] )
( 5387565361564837939 , [(50, 350, 0), [164.60560349727834, 321.12240222319224, 15.884192342142017], [190.98415972662696, 252.40009313918608, 25.677608108303108], [270.293908042222, 250.86314061380187, 35.616635735764206], [275.9435958053112, 311.1272838539613, 46.685469297206353], [288.8597779352242, 348.6202028536728, 51.925055546900509], [613.240462359621, 339.38348977996895, 101.44590266616211], [642, 517, 308.7828909427235]] )
( 2243768679133216569 , [(50, 350, 0), [179.53943245371315, 290.1245538453876, 57.330279635020233], [183.81581057828595, 208.0430936320459, 112.39556063858099], [276.09529667127276, 262.94116861811295, 134.66823264037271], [271.2233396760287, 300.2879531242857, 148.13974785158734], [288.35339869450974, 336.15197356737144, 152.64897347039212], [537.4874726007141, 334.3668755970007, 265.49571059890593], [611.2335837230792, 362.15179361958536, 277.69576519853155], [642, 517, 297.09327501688]] )
( 7373466598497985068 , [(50, 350, 0), [152.48805001902863, 324.89277481300286, 13.942909122662435], [198.84829316389312, 231.944785734579, 27.990725487535578], [271.32386944450775, 199.86446658579413, 38.721853191420273], [270.16696683888534, 86.13630091840938, 71.42261608958178], [466.2163015887365, 102.26555628017798, 94.243311162116456], [504.95276201026957, 111.1755105275334, 98.726540948892264], [554.4546154338592, 172.61498408520856, 107.79593623531682], [651.0023497426989, 175.39952851904653, 122.51593828843548], [637.7116370381997, 400.9958238730223, 156.32405590043885], [642, 517, 169.69266080958104]] )
( 1977477749269479797 , [(50, 350, 0), [128.0282995391096, 337.98452575420527, 9.0829917234852857], [215.60292926148526, 211.18636464200281, 27.31723877622699], [254.72006595064886, 204.54723727865147, 32.393812925640063], [247.8928067955246, 100.39279713693522, 60.925898608880964], [510.6399646822764, 98.864961211213, 99.068425890138755], [527.8549923508518, 321.78100937321267, 141.10523962986812], [608.2613469066006, 358.1972038494078, 160.18795395644995], [642, 517, 180.90334481291674]] )
( 150141856139311428 , [(50, 350, 0), [75.84860088723623, 235.8441042294663, 17.143200793175438], [267.70806365199985, 202.66237203299102, 41.066744147352111], [249.95316629340766, 95.13857411721796, 123.51168991854122], [521.1457838122498, 92.66036631125826, 157.86977795115547], [535.4644253637213, 376.66082452121714, 198.89937834002566], [537.4028604756245, 343.00548980596113, 220.42984314042013], [613.0175003554567, 362.25064647715794, 230.77622195631415], [642, 517, 260.12768093680972]] )
( 253506564626493256 , [(50, 350, 0), [181.1720854705838, 290.8493572071256, 128.42914608014718], [181.95657218188848, 251.22177253944426, 133.81794130779627], [240.89677343915739, 197.26852484988848, 151.06666862321265], [268.39173702547635, 90.59502760919308, 166.06360614322375], [507.94386359093, 100.31178064778875, 200.33161947627795], [537.4074458607297, 352.59530163717335, 240.80724216804242], [615.5722992995525, 360.96211263782885, 249.84842002063306], [642, 517, 274.64959610376002]] )
( 4802481212246855561 , [(50, 350, 0), [192.83146583338976, 312.6991673219799, 63.98623043849404], [169.68306443235727, 212.05639913127138, 139.21297259334631], [270.3266338190895, 239.25616357701978, 228.7591978784823], [279.0770164955935, 316.9515696620559, 239.13821425206271], [632.7013613046281, 340.5179987243699, 326.41774668140124], [642, 517, 350.24407294314773]] )
( 2621093095275306543 , [(50, 350, 0), [153.33296646607013, 312.25790290888784, 13.749480929854665], [214.15133070117764, 213.3190922778218, 57.199718233387287], [260.74157143223795, 183.72820856122905, 66.914451298555932], [251.10628637600794, 116.12344469177525, 118.06147424846426], [520.2880441640275, 76.17551948582393, 162.65207347290635], [528.500753704348, 145.67700166367496, 177.1771743783103], [831.9606125214178, 189.31450933485445, 228.55516079595972], [835.1994558364472, 346.50453075173664, 247.44901728054214], [726.252666041495, 329.67111769386906, 263.56026503212956], [644.1041962689947, 438.4956320321559, 302.35010067426498], [642, 517, 311.02369433771338]] )
( 8251433340062731431 , [(50, 350, 0), [189.6912475121133, 307.6467915618292, 22.522421428264238], [170.03451669328481, 273.0898967047151, 26.930816981124785], [248.05092676876166, 197.33751760571687, 42.934232941654727], [277.6556069216881, 326.0244968195444, 78.583682080568167], [612.2630386746722, 353.9464640815958, 146.20198477171385], [642, 517, 173.17271004361885]] )
( 3259313687757428302 , [(50, 350, 0), [164.55484637048158, 334.22104683777746, 13.580365861249328], [197.21001380004893, 237.5240954452811, 48.023991270239755], [236.90575079505797, 238.11458893612468, 52.912731584506879], [291.01263296372025, 353.12661862602647, 81.081686366917836], [586.2633153107545, 324.69100899735474, 125.33172901041337], [650.4580073251752, 422.086061961307, 139.46797769310027], [642, 517, 149.99236577776043]] )
( 5338773074937596964 , [(50, 350, 0), [126.32592900735244, 333.34898289504633, 8.8871252455521201], [192.49100652074125, 219.66265890838798, 120.70639507484373], [257.5216764549284, 264.69671752513216, 131.75230705897954], [270.173206126052, 355.68932309565207, 152.00806121862158], [637.6400334161093, 335.58171906144764, 205.21225576479966], [642, 517, 235.78791814083004]] )
( 2514006837094858524 , [(50, 350, 0), [186.6721796395576, 295.3485181271957, 35.274160666248555], [199.2218872044246, 224.86788540036656, 61.890843525904444], [266.1365056251071, 239.44848017356605, 127.34671715576077], [268.9250200201621, 315.8782757560511, 145.65631919501828], [594.6716640299584, 334.7329019317832, 188.19485271640278], [653.0216841974357, 448.49697118992714, 217.93348469420314], [642, 517, 225.59666019277947]] )
( 18543463985086459 , [(50, 350, 0), [148.3398273006682, 321.50736207289555, 15.825264059450515], [173.71951038916617, 222.102020897834, 106.65213614094388], [272.14358801123853, 257.6900664581908, 123.23943901508778], [273.6583455201172, 336.3056183958771, 135.86860363058582], [628.4866228760487, 345.63727645038375, 186.29276532349431], [642, 517, 212.85742593556847]] )
( 2472297825050994906 , [(50, 350, 0), [189.85959980107555, 280.13155241264116, 40.968094453888654], [176.28409824009302, 242.78163201592628, 45.516633090288479], [260.14168720815877, 226.64434432938094, 82.960078391011663], [260.18675934380485, 304.58726941792156, 97.056518313392274], [323.64393856397294, 352.3439017440126, 106.59092654229816], [617.131738434088, 325.58006585073923, 148.14503066682408], [642, 517, 176.22502097276708]] )
( 1875694932893636884 , [(50, 350, 0), [173.78610876917753, 315.0894639908032, 18.650353822844057], [175.0713876356937, 223.74353211762337, 100.64393076000462], [271.84317853626493, 264.0472423490872, 120.02630814012822], [248.93586640238266, 340.4686821829615, 173.4211279185906], [582.9301791759666, 342.3000620090021, 256.78284310430638], [657.548043159809, 414.9834999517173, 275.31963875812346], [642, 517, 287.0878701473747]] )
( 8626439664448724676 , [(50, 350, 0), [182.48970687800627, 305.58774218156503, 71.575612071169104], [167.64655298729667, 244.39733611832816, 102.32059165934498], [263.46141992849186, 207.57071466979244, 116.84866364980265], [252.00341952150316, 93.6371375811967, 133.87251224900598], [514.0249899917882, 109.88262750175655, 167.21971852899762], [562.3395598358204, 172.24858086406053, 176.06727511774636], [645.5370712612821, 184.36705311207587, 190.64046429267069], [671.9931607246441, 257.41049130139595, 199.61102371734034], [727.3413765890789, 338.6288570165089, 212.80570448926045], [685.2079252777205, 402.42572046542006, 230.13295764647998], [645.6596972092034, 404.0344024484318, 235.90788612379342], [642, 517, 249.39561600603312]] )
( 5456375031206484386 , [(50, 350, 0), [159.48925560025654, 295.42613514167317, 26.616471238551327], [190.3321687075104, 245.19545777108777, 35.693929250731713], [227.37715990422478, 231.17296995588708, 41.265146595971572], [253.98528621409287, 260.2355114190832, 48.148190833669929], [275.71687110209064, 325.1569030648419, 58.763102408553003], [605.8946769020068, 350.31631361512746, 140.05794716420314], [642, 517, 161.39926669164825]] )
( 1954145120649512831 , [(50, 350, 0), [180.13376100395232, 315.4099786793275, 18.28683384300092], [187.01146431589106, 236.6725674687446, 29.391288948561858], [272.12119035832836, 226.58234522659527, 49.99108377170522], [272.12104279817606, 339.22040838088697, 76.000081326528402], [611.9017917103821, 340.7396873575774, 119.11597823502774], [642, 517, 144.69613095663632]] )
( 229519383908997724 , [(50, 350, 0), [161.81063986588146, 321.0208347694785, 40.374761952204281], [193.07979847909274, 220.62847914786724, 67.923578871337114], [271.7833976447225, 211.50051464390148, 76.790198262570854], [254.4719957035319, 104.92961902567976, 95.373512419222891], [503.51290604814176, 87.70478633332824, 130.1935323442253], [563.3798620722774, 173.71233791203014, 147.93001826719899], [638.4728304403739, 164.88157377583747, 157.54591471467708], [655.2495217987386, 259.0514072827745, 176.39416062163701], [720.4598241823986, 324.48107001471016, 238.79154703786764], [679.8789034298304, 397.59550108372906, 279.54246804974599], [651.4845892669305, 425.3132566355237, 284.59112632591183], [642, 517, 294.77158147116768]] )
( 8012115296818368827 , [(50, 350, 0), [161.6677351637574, 301.94809457204605, 80.517528912349263], [178.1125099007573, 233.20364420526684, 116.81972534322915], [263.88698512315545, 195.5040948903018, 131.30186171582355], [246.15300773328173, 81.67223336458869, 148.40923263630805], [477.3841021851149, 95.54865779040047, 176.35149891322069], [513.118430329465, 112.97094421936399, 180.76983883439715], [527.5062379204533, 343.677074674385, 225.74207623232513], [644.9735711135448, 368.0688375290459, 244.54538854560096], [642, 517, 266.17260790452542]] )
( 5900097768344334910 , [(50, 350, 0), [157.728850843983, 308.9355558566935, 33.683882925003289], [192.6993211932777, 229.29641134799758, 230.24768671734753], [249.6429863742123, 226.15955549099561, 241.19637154972918], [259.9920948149106, 72.77869500635279, 270.00220538653969], [500.72706502572476, 103.59914426320185, 302.70526608100027], [520.0454331643053, 294.53104869784687, 325.6441991512462], [538.5118973052734, 329.7118429341794, 330.25954518715452], [646.4037803042359, 379.4911551106113, 343.52082328682502], [642, 517, 360.52077427740159]] )
( 7644757760813911467 , [(50, 350, 0), [128.8754991124998, 313.77789534032945, 15.028787799830813], [238.79915527458607, 205.42112551523977, 41.502511507734233], [279.41212422305955, 78.75133939389987, 75.659603175365845], [502.19991645779123, 100.31084892679638, 126.66615688858937], [558.5454190363769, 175.6521260181139, 143.21750855622184], [633.3612169912969, 158.37468494801536, 153.37435229189654], [670.5114464812256, 265.35622042364594, 168.90977110356906], [755.8995962807696, 345.7794822082651, 187.39550313683708], [626.4665638738156, 421.7169381014644, 269.90235973809797], [642, 517, 280.56490141826168]] )
( 5855831699469989638 , [(50, 350, 0), [76.8228721939055, 242.51868068776912, 30.739585955469217], [221.11393439469316, 228.39847544082622, 161.10489550735392], [275.4030310339253, 286.253866779761, 170.5177317738495], [262.9762852352063, 323.9954328844109, 175.11666391320105], [607.0024313091757, 339.3738213365772, 277.73421110596627], [642, 517, 299.65644475512897]] )
( 5354376290541199500 , [(50, 350, 0), [155.87544561216413, 324.417361171823, 15.728418038804527], [178.05400150384713, 248.11827629108302, 25.019735442140401], [250.51583196249774, 193.78516163149396, 39.743905643543684], [249.85578608126292, 115.27250874169115, 52.644445965468989], [326.4817818182647, 110.57029308979162, 62.317545948247982], [486.9912846783576, 106.33196359561846, 86.682889429062328], [526.0871326510902, 113.54439800160584, 91.098255918076688], [499.8170299935233, 305.2158249049647, 121.72724877948832], [646.0377927338645, 381.98072385938536, 157.16439887135567], [642, 517, 174.17342936075227]] )
( 5806588937771144801 , [(50, 350, 0), [128.14339865730108, 336.8039484048284, 9.3373933004590377], [178.80265000537125, 245.22720333864967, 23.324647364005987], [266.1782550177852, 213.64317947294643, 38.050459792056031], [273.524388908426, 321.5310021171323, 141.23729309006046], [588.9879746694751, 327.2166124062906, 221.21911569529851], [631.6789627728423, 434.7179729031451, 252.32621986343989], [642, 517, 261.4851397577566]] )
( 3356765789770389473 , [(50, 350, 0), [158.6001499211856, 327.3286605327136, 15.776863960513468], [184.35715072361785, 205.88823512185016, 49.202502083257521], [262.1158905528052, 206.6534966992047, 95.427737836095702], [252.5614166405374, 117.04958385117808, 135.95731158555722], [480.6869365499579, 91.10634354876754, 166.45226360886409], [563.0725318147479, 167.12058316489663, 180.52132207782938], [640.6402297025487, 154.9083886267445, 190.6109639160166], [661.7983847052737, 265.19260196364365, 205.06705780964225], [606.3571113603763, 348.2792045035686, 226.60064976306148], [642, 517, 256.11559350648179]] )
( 567753363192184283 , [(50, 350, 0), [134.39932345098154, 314.16656524886974, 14.554495799057289], [221.85568494735986, 204.24575758311252, 44.93159512217931], [264.84795486082857, 303.58824429606165, 105.07873735925723], [294.47269717624886, 329.3537786260107, 112.72804343478882], [590.5636983678343, 334.22816206391894, 149.47253724739241], [645.9107990407899, 419.5412433404128, 167.69349051733784], [642, 517, 178.46606598810311]] )
( 3335469232676013777 , [(50, 350, 0), [193.30001014701247, 281.560327834739, 25.017981798963746], [162.16990234206435, 209.2611877544323, 36.781972882193401], [276.74710954416366, 267.78853591379755, 89.801271159802738], [252.43084997196138, 342.8378890624109, 101.6624068244696], [643.800784863522, 360.2806405893895, 185.99052335648236], [642, 517, 205.77964803648919]] )
( 8139895980624697867 , [(50, 350, 0), [164.26001061272711, 307.9176558428147, 23.141879046318657], [186.06406629842246, 240.3221816837478, 37.468802986335874], [263.13910751817116, 184.73153617960764, 52.935894033239947], [278.06241626154275, 94.55504427840042, 126.24836839747084], [504.4384147405126, 98.85426991910714, 157.41359713176132], [548.2795725392558, 163.90234214046018, 166.85068666974919], [657.870728850175, 157.94454468592474, 181.34715366739218], [666.8296012999142, 275.37327838840616, 196.72716460996836], [755.0147380474547, 330.14189544980576, 211.37976498816047], [649.091148270092, 421.3166128852178, 233.05232824942888], [642, 517, 243.64914033386532]] )
( 6984739516207117670 , [(50, 350, 0), [145.75979379946645, 308.6641726179015, 14.626868060720623], [198.83411209155366, 219.8257335251803, 48.307635363982307], [262.1318264531924, 205.2601347927091, 57.770914792076972], [276.2596966693335, 88.19236611734678, 79.191592823194611], [471.23622168595176, 101.02558052347486, 109.86030116834887], [509.40372705589857, 112.11234606992576, 114.36864493886026], [559.7216269680509, 159.0155868559909, 123.60196337371605], [634.9755526054008, 170.61927917402065, 133.33145629733423], [657.9139549700528, 243.63680745253288, 146.20816084365529], [749.3197072551767, 368.15392413008624, 169.03421974902611], [670.9662797461289, 389.6608173734285, 202.5183430054596], [656.5902888492583, 426.72019713234033, 206.98301069945973], [642, 517, 217.08341229413602]] )
( 5869146512494966206 , [(50, 350, 0), [165.28990961508768, 326.1929211405471, 13.551685973810098], [177.27614971689582, 257.4210168939794, 22.789005669854124], [247.0557192481779, 193.88430101250222, 39.857545127314246], [275.88452108795207, 109.05523583353417, 64.593645048593515], [517.8712123443441, 91.73208348751714, 111.09552967927841], [524.2780840919112, 163.82465667747334, 158.9210763870559], [638.3833327107592, 179.346447192291, 176.11341266065313], [721.6342488204695, 341.7282706553583, 199.6692641289429], [670.0875458681371, 410.83675152480214, 215.738619634792], [630.9576180405445, 416.8039989189235, 221.50409504838535], [642, 517, 234.41141417216252]] )
( 6513027884213083514 , [(50, 350, 0), [193.2499974336078, 284.7630774322093, 24.401711370137321], [178.75972215539258, 248.04254700447393, 30.854196741473416], [250.66546306530904, 190.80158653195332, 44.771215219666971], [238.8048776720918, 120.57935934287417, 66.712434442771041], [355.4102235303473, 97.50100968409566, 82.909890192667618], [510.6990474908531, 87.96252005059942, 102.09557838504119], [559.8681546694128, 183.93120404574526, 117.31276371071763], [664.2672866458548, 167.73923831816333, 139.47211319684601], [665.7885652563898, 246.35167278074536, 149.88942139518852], [723.8529341336849, 372.49430930000995, 171.75490380674984], [651.0066179301816, 391.43125606871916, 182.55275895030212], [642, 517, 196.48783408654933]] )
( 1675766587620077088 , [(50, 350, 0), [152.38008476281826, 312.35625047775545, 14.378282312701334], [221.09120868090807, 218.2568587662671, 38.910497333476869], [260.2452827204132, 212.8650842138444, 45.065759576858625], [264.0102883487035, 93.66444237952318, 86.500076668431547], [492.31204006584653, 97.24404620299067, 119.77711754446513], [536.5954141582772, 154.96712486796466, 129.02012777334372], [667.7838049263781, 186.2090182998548, 147.88534677832925], [613.5574151863998, 342.55568805240455, 177.83108313650786], [642, 517, 200.78417875607894]] )
( 6795461769210384677 , [(50, 350, 0), [128.08491893070874, 335.85023880877714, 9.0883225066133306], [170.89260322862347, 244.88998759509107, 60.876093235369069], [248.62156901512165, 243.74421210058765, 69.982860159071578], [274.3809358903758, 356.8877949103061, 85.243577947490365], [636.8086630662025, 344.67518070913155, 196.92260695823606], [642, 517, 241.00561130899848]] )
( 7388332627098417500 , [(50, 350, 0), [160.73854954325603, 309.7445569046357, 13.711009137004162], [199.47974176144695, 215.79304271129865, 66.427859141932132], [237.03844457650632, 202.91463376379613, 71.274551398609631], [275.29826519161884, 102.99540883338632, 88.321204666432365], [494.66499420683044, 97.19832376640011, 143.18039308730812], [553.0419839725478, 171.4715511573116, 157.42115873232126], [630.3156234959212, 181.1943174517951, 166.59436022070835], [665.0812364793376, 200.0354494363528, 172.62460892435132], [653.4408570237783, 276.43618644169214, 183.22003255403854], [688.3370903883241, 295.29669095244464, 188.37117481251343], [723.4965906748089, 362.84207996648416, 197.66884900988643], [637.042904895027, 410.30068324018873, 217.17516221055121], [642, 517, 235.75939790814982]] )
( 3500106577930450102 , [(50, 350, 0), [78.99731435062982, 240.21851563661764, 22.087483047296548], [251.6664527731831, 200.68139781724557, 49.669538729063525], [266.22680343057334, 88.8085357477491, 111.66292536980799], [502.39237219312264, 102.88378619623907, 141.20081238288259], [545.3763946654092, 168.8444823963192, 150.759161792067], [814.7245261485677, 184.41117361758904, 192.59051219198426], [812.4004798227246, 343.2389658587521, 255.54571366014187], [711.5903732011657, 359.9696410990667, 270.62960650796362], [642.2308461020141, 419.89570044592347, 307.56841793073164], [642, 517, 318.29321267121315]] )
( 1643210535190239746 , [(50, 350, 0), [191.97344501436834, 281.43882773938327, 59.81500930137166], [174.3299155632587, 245.8134953045723, 64.235592681089045], [249.94429324144804, 223.06565528657686, 73.030795346833457], [265.8700842142152, 108.22156124670677, 101.14055923079189], [513.1900213554367, 94.56055442182338, 169.73042934480446], [532.880926422436, 171.02925296410567, 180.97416916210977], [639.4289663626922, 178.7346790815162, 196.0701791616473], [663.4687188566216, 291.18029366759106, 211.52453115566621], [625.5686951050405, 300.13836917327416, 220.65366489683058], [642, 517, 300.37767962864774]] )
( 8731060872449215183 , [(50, 350, 0), [190.88972894275827, 296.40755774732816, 80.873434824862471], [175.75695741378073, 260.6091763461903, 90.332563479787879], [272.5176418363181, 217.5076338517447, 139.68536234403948], [249.50341027968605, 359.7464858014971, 164.09428706525904], [632.3380910121488, 354.5896130683976, 232.44395464932148], [642, 517, 250.679074139617]] )
( 2136874786917185301 , [(50, 350, 0), [188.18027339526827, 303.35171644214415, 18.032817472577189], [161.37022880309695, 219.5281445848454, 106.59511968362983], [256.92247364200875, 202.26699291012378, 160.67608563269221], [263.4143323976542, 96.46578335726117, 203.03654130722992], [484.609177916949, 96.99461239454988, 230.3271433333918], [537.8560936665656, 156.0330792673361, 239.22122258228211], [521.6449177831944, 299.84627267154616, 260.44723083952152], [530.5153557420867, 338.3966167223649, 266.37903528513039], [608.2417237540877, 352.2487429356499, 275.66507561282043], [642, 517, 296.92546979558819]] )
( 6708735932877254376 , [(50, 350, 0), [180.38730423314115, 307.4926581291047, 20.105977827360924], [203.16967486916857, 202.65367306232343, 66.019124258782881], [264.21405858340256, 235.93577063892963, 76.139577703672941], [262.9842070900693, 305.8136416815206, 90.353718792198748], [289.6260422670299, 335.3245112586856, 94.749306944337235], [618.5952358831659, 333.0480695674993, 137.68895406754186], [642, 517, 194.1135814102623]] )
( 4577400633313446454 , [(50, 350, 0), [160.07403709499476, 330.5023204274601, 16.129522274715161], [205.44806927667986, 211.4610046763919, 39.388031334616102], [244.89924425824074, 208.83696122648425, 45.447667342435459], [249.3479963008419, 96.69857912900622, 74.211206889951143], [507.1414370578605, 94.2604035815434, 128.13439733018885], [542.0409913302009, 164.76586604361586, 140.18284190872046], [620.1580186697671, 161.86223974213485, 150.10014814495102], [644.0779100316155, 193.60271229282182, 154.61470233074334], [642, 517, 212.78534647697782]] )
( 1213065699435024607 , [(50, 350, 0), [183.62443790732024, 293.57419250644887, 27.377834097328105], [186.6619780577497, 254.78517147714604, 36.661432398786005], [250.45742067032228, 210.2669415972195, 52.274772763606705], [263.33097013001696, 102.11411848119138, 81.321093066280824], [469.15971607845404, 99.23346005227503, 140.43548164473484], [506.36555754142586, 113.24427370366733, 144.84257386729666], [536.6800893444467, 164.51188776399505, 171.64763732220382], [655.5739941951904, 171.8861905363069, 185.2226815748912], [675.0734409649606, 276.32378587714777, 263.17279405273166], [716.2152290761011, 335.31997224187455, 276.79448802505334], [717.3155514211719, 375.05608618143015, 281.24763744087045], [650.3437503927476, 406.7869838209139, 292.89242454235938], [642, 517, 305.6118867298178]] )
( 3087312736898879140 , [(50, 350, 0), [166.2660546155334, 300.2818357300493, 74.016214232868236], [203.56049848477227, 231.3014417664309, 85.683274361489978], [276.3935642857906, 261.4644431879913, 94.561443296266631], [263.61593999139006, 336.711138362355, 111.19515054227733], [641.6618355807374, 355.125903339287, 164.01506198660172], [642, 517, 185.86138585948305]] )
( 6230103332330511888 , [(50, 350, 0), [162.06782263098916, 295.4869525374915, 25.397924124325336], [198.9353002930763, 200.37264643138846, 40.079360864337019], [271.885813399985, 295.3157567907154, 66.885745953489192], [255.2087669610821, 330.8801544437098, 74.438873891924004], [631.8299197132856, 318.6857541294496, 153.25509731437234], [644.2433924499161, 281.19448184048235, 159.60412848231027], [731.7649116975753, 299.6593598108369, 209.01826176261318], [695.8657672239932, 412.0724521108575, 229.35543389614458], [653.1642629950277, 417.2694746479605, 249.27444678658716], [642, 517, 261.99293401238577]] )
( 3353505970764137853 , [(50, 350, 0), [186.44468000982943, 289.23864801091275, 18.533925180563717], [173.27320676158257, 252.308969504291, 26.452961603530674], [286.0417076280236, 234.51456380306763, 45.74912300525196], [254.11625561257486, 297.6168087412264, 77.578205273611758], [307.03610036020734, 355.81512809173694, 87.755954155656241], [484.9862402506072, 337.1166736896653, 110.91915462966813], [508.9009585206427, 305.40241947742675, 115.64063001627562], [516.2525345956927, 138.41848083631766, 148.61274360553443], [663.666476696037, 172.58480476532446, 173.85509281146909], [671.2727396935773, 266.8716466189594, 198.1796505603555], [743.8027319873484, 381.69859868029556, 242.40307694726306], [640.4284909213408, 424.4005775129776, 297.95810224790318], [642, 517, 308.18679451780167]] )
( 367322782102057274 , [(50, 350, 0), [79.29450626530371, 254.57704863911357, 43.462709686531689], [272.6489391314039, 196.5312644583036, 106.15101823071429], [243.8693432723194, 125.61080354562662, 152.25447351943228], [280.538044242128, 110.26898605864268, 156.73052148419191], [512.5957719798238, 84.15941114735122, 191.56691504456117], [526.2800897945064, 158.0523112317237, 239.94006877894543], [643.3909992560962, 167.4492181121786, 253.21728283410678], [674.9161386927836, 282.1500050368435, 267.3986430484735], [755.9452758378735, 357.49112115494745, 281.32621944314752], [624.1409115478439, 426.4602280853838, 328.67270524791508], [642, 517, 338.86512403621231]] )
( 8414597657337097674 , [(50, 350, 0), [189.29187727962582, 318.21572542584977, 20.230222535518514], [177.15885844570695, 210.39080798107352, 48.697140446332774], [256.4677367324488, 205.96561235559992, 57.942690182569905], [250.33690853106222, 128.3851384279621, 75.780166099332163], [282.4799456179982, 105.08726287593183, 80.682630947749402], [499.5523709041057, 97.72878973740802, 120.80537281752754], [519.3964820782377, 132.17567676358507, 125.23518386479404], [581.2329387274358, 181.0504566770075, 136.04955752869697], [656.7720111612061, 156.64826318962793, 145.76669301448169], [663.1865881095275, 269.9834977189123, 160.89091594469912], [720.4919751513282, 328.5851351417539, 180.29023724611281], [717.5320708509794, 368.2139200096132, 184.85076094736675], [622.1444239569105, 416.6092860381826, 223.24094220693115], [642, 517, 236.72056117821901]] )
( 5191960499445357777 , [(50, 350, 0), [180.09329649902497, 300.7439800438755, 19.316370741272678], [178.58690024457488, 261.12707817569884, 24.62973659465003], [213.47819176407535, 242.2197113678203, 29.640650333038391], [278.8239787453847, 253.35357900891876, 109.82337264426793], [265.7496573533087, 325.43169420521406, 167.63202129167448], [574.967223258135, 349.0202629693074, 204.79765163086901], [611.3744390229797, 364.8610880067355, 209.65387468851827], [642, 517, 232.18258481361764]] )
( 3667446768949544327 , [(50, 350, 0), [166.82456540932202, 332.66573378772824, 16.275295479034863], [202.8755244880715, 228.2162090100574, 35.38141252274611], [242.61404797720292, 226.96702671024403, 39.773370455785241], [282.5346492039406, 74.17453477651877, 82.455160475148489], [535.9205926706724, 83.6638728012262, 125.69107485902445], [538.8053718699337, 162.57719812394492, 138.31639130115337], [673.6374998916245, 181.41427793670059, 159.35383463004493], [621.0729018152605, 328.8287812303095, 177.73571885178723], [642, 517, 202.995718748933]] )
( 8909214236818634074 , [(50, 350, 0), [134.00484722388154, 311.0522253160045, 15.084505694135434], [202.23640177962795, 209.21274621696338, 42.174652930720839], [274.7935011885109, 264.85273443044116, 60.943154062141133], [266.45700665713065, 302.85058996480916, 70.252602688003421], [294.837938043802, 330.6719204057102, 74.779887318247418], [496.8160886207968, 316.44101107421716, 102.92264109894535], [518.2253734222925, 171.0632290578166, 132.94453578721516], [675.9402259749692, 178.08007353088914, 199.71554692018364], [637.9610926558611, 262.43897938689787, 231.7426523572947], [642, 517, 298.14018611396943]] )
( 3970347357262709754 , [(50, 350, 0), [143.50574188996995, 325.3372950010037, 64.563716045206434], [205.78812704124186, 227.82834710052273, 158.52919131766865], [248.6268757943756, 201.11302498152543, 176.8111998213453], [255.37951038769737, 108.14365048151912, 220.77953543351046], [503.129506373411, 109.61282589954274, 254.35262811921942], [554.0767711350168, 170.22904697835511, 263.19185421127008], [641.4755634963689, 184.69423590348165, 276.50848920097735], [666.2363515537061, 286.1039734364207, 290.02802648052932], [743.6013991765109, 298.4363490928093, 299.73003843897794], [663.7659542381174, 409.0707002012585, 317.90744049300235], [647.0400506436604, 445.1348288805183, 322.3372002556444], [642, 517, 330.29390398355719]] )
( 1362428214080164256 , [(50, 350, 0), [161.781068803111, 314.5443347096822, 15.336054567676911], [183.82899583356448, 260.94850438732345, 24.507945373742114], [218.1658085437985, 241.12466505071478, 29.799323914220771], [255.55697395755107, 254.53292754065666, 34.50243416194099], [256.2137888057083, 332.3515290724066, 49.486640985185751], [503.2866138395301, 319.29275113960773, 89.17722381458411], [522.0527724599012, 181.81816099794256, 115.78739961639162], [826.2575774611662, 171.31857002763633, 178.89965792240648], [809.2844655235033, 347.87854901606556, 203.25552959248452], [733.3408921164621, 351.7336627642403, 250.92557079779286], [643.0737307674829, 433.4865240696459, 282.17104518286681], [642, 517, 291.39552221269139]] )
( 1743336814424710781 , [(50, 350, 0), [174.31127571372875, 310.89392423171637, 21.342219682871139], [204.08479817156365, 222.0387215403931, 53.56608523959477], [272.65804454831243, 257.5426555377194, 64.188397698572686], [267.99570887840065, 308.5435626724081, 108.2870645516557], [302.9613166257523, 327.382256189738, 113.03152462825585], [480.86450218073725, 349.9874461160344, 150.21033934764441], [513.1104462488271, 277.385166244675, 159.64763300970904], [514.7457135732895, 169.92947981075025, 174.65747566129033], [837.7454205772879, 188.98034134064412, 235.91646721042122], [809.040700359405, 337.3510071363614, 258.5033994925131], [736.7251918384242, 343.47326308382895, 279.03306117356067], [654.7080935085827, 424.34137727755984, 293.3993343362925], [642, 517, 303.72889249203877]] )
( 4902544055767114611 , [(50, 350, 0), [192.81901919574264, 284.1158792026288, 25.651038107732319], [184.28400205698944, 207.81720981102413, 39.408080666476664], [224.01235614135382, 207.04182646214744, 43.996834572457288], [261.66549075985074, 194.30374692327956, 48.467045200920118], [262.7973540074886, 117.22047960650613, 58.150829715105175], [339.7412564795421, 101.58045218863415, 67.863307338221688], [524.1728657857652, 102.00752852665038, 92.312810899825578], [528.0254443230881, 353.54080722235756, 131.85031215164395], [588.1772374827236, 344.887430129105, 179.28415859214215], [634.203115636995, 429.991581816295, 193.4203098140589], [642, 517, 203.06853253400291]] )
( 5615294869069587683 , [(50, 350, 0), [172.80286250460182, 303.636462084236, 19.112025753831681], [199.18483129044634, 228.85597045392598, 29.606710990170463], [240.6415295886981, 201.5788643852371, 44.666830031177007], [255.88680766677527, 98.90855583547437, 65.073122143699564], [520.795498732044, 107.0710846105301, 113.69522358343316], [550.0547614810977, 180.63693996228676, 124.36581637989552], [623.7658954154699, 160.76010778965977, 134.83686723021901], [641.531682586344, 196.2722029471303, 139.66054878334438], [642, 517, 201.89167619030752]] )
( 986812947292701357 , [(50, 350, 0), [169.56124450434336, 296.09711788267606, 25.345746276300474], [176.82212461773162, 234.04553945900778, 45.923238788469703], [286.9996452914968, 249.86888162218622, 62.663084047091182], [252.39255642240457, 267.4969887847951, 72.233833122807781], [292.33312428004945, 350.6735265737935, 123.5761645371277], [629.6224825106178, 327.2433217361215, 181.05740909268147], [642, 517, 217.39589101243834]] )
( 7152933168120424816 , [(50, 350, 0), [189.97168930799796, 284.5901997610101, 18.472212272468241], [174.6708363680345, 248.14519785494056, 24.607824334536442], [290.5185177333323, 235.80868504915324, 44.987760869883829], [268.661054094937, 258.50558276191975, 69.627203183224509], [280.74813124488435, 336.2313640056737, 83.555347398025987], [609.8095473779987, 359.59953387700295, 126.35743656367279], [642, 517, 148.98328127527347]] )
( 5045615154698740094 , [(50, 350, 0), [130.40177658883638, 322.9569447947597, 21.293451868139911], [259.557453415069, 183.7262544412692, 65.374843001417318], [260.1250876217077, 105.01165346357996, 76.624328823993267], [526.6013168780488, 99.41385867412811, 113.8718529017051], [537.0041083947775, 137.76709511661687, 118.43378045987899], [568.4922643326476, 161.84635087366271, 123.78966300332169], [641.7600227962075, 186.9589683140141, 141.29226335772154], [680.6187494761107, 295.7237284404207, 156.25038326714116], [720.0655482713456, 290.7653587904316, 160.65090996542568], [707.2417608158563, 388.6538582526481, 225.16428897289015], [648.7021955983321, 423.5619433908982, 238.35747443154659], [642, 517, 248.70383145277597]] )
( 6286049028321747718 , [(50, 350, 0), [167.1490529058074, 303.5299211114271, 37.046082921507299], [202.83115977967424, 228.10294471948004, 50.875103943326131], [273.4012417954801, 245.1243007849562, 60.191296754338502], [271.4889504567959, 323.04546864647125, 77.273500413005124], [618.1873419950391, 343.07303695166786, 188.46399961692566], [642, 517, 214.43729658375048]] )
( 7375870467821108258 , [(50, 350, 0), [185.5181709572631, 290.00208430080136, 34.233518441799859], [190.28672658659232, 251.78655814265068, 45.042516437252232], [254.67838593249564, 182.3609626507123, 75.168564273973885], [250.80008207877543, 114.29189570592825, 102.0605045509344], [470.0303752426676, 88.58915066884022, 132.66285771935247], [566.2671373653504, 169.73938615287483, 151.04717050417162], [643.9505536118714, 184.24653094166467, 162.09526438200677], [642, 517, 211.42805253063938]] )
( 6596894195674699892 , [(50, 350, 0), [186.21050836055187, 296.83162763313885, 18.073414784849266], [180.47018061610612, 257.5938823234161, 23.312496803263951], [254.37239787660252, 239.66594735330335, 79.979377814561857], [258.20726476277173, 311.8023016581124, 91.209098104449367], [428.47957677953565, 354.15149824181003, 117.77547378944624], [597.3327325536883, 350.2275192338348, 145.22400786869352], [657.6150780097314, 436.07866648054573, 199.35631392896786], [642, 517, 208.45861319192403]] )
( 2687104963615854609 , [(50, 350, 0), [192.41116175629867, 304.2795528416721, 31.631326454447937], [195.25665569620418, 229.02732457363794, 44.744919412339449], [269.47263894007034, 235.62002284473328, 53.940724276656631], [272.47091215044514, 351.85034858173606, 79.725907261694275], [508.5085881823857, 333.7305161422615, 120.05550082483686], [510.46462356271354, 177.91826750385437, 150.1129485345796], [655.8663504782421, 183.38942632059945, 171.72952184210254], [634.8427244797832, 382.0318979662476, 279.47969751039693], [642, 517, 326.06226999148311]] )
( 5814731005783415687 , [(50, 350, 0), [180.419815799245, 309.0597620511868, 53.651117882750633], [190.2921694847665, 207.6830000174683, 73.192349219948383], [262.5922844243197, 261.1423635608452, 104.58030392609831], [284.7834580292132, 336.906071081192, 116.28032170473875], [623.1434315546408, 348.52010174867183, 192.9485821038682], [642, 517, 225.793777090844]] )
( 4766994712963042395 , [(50, 350, 0), [162.44805096361614, 315.8302828621651, 64.703595393211856], [199.88384530666107, 216.67040776994148, 100.60638962489877], [259.7856248335922, 212.0385563187302, 146.45152949371604], [270.15128869082, 109.2521979599821, 181.91538649359819], [517.1138804221416, 96.35385501304583, 218.94295603857873], [542.1197886459671, 171.14026378462833, 227.81131292906664], [640.2640994082459, 172.40021670229694, 274.29501773681659], [642, 517, 334.28423727841829]] )
( 8433343838261740531 , [(50, 350, 0), [165.87408519392415, 296.31043024112427, 32.085341414981926], [176.7991365277049, 258.0942735068964, 36.576289847015495], [242.87724173292372, 199.20790301824937, 53.210684138428967], [289.5610263895025, 72.54050064917793, 78.656512502650273], [523.3168548583501, 94.03400559590759, 109.70163408288285], [534.7593653174532, 172.5009111730485, 118.54695010840715], [651.9378230490622, 172.4321076283388, 138.30257336540029], [652.5892150230604, 282.32289357922787, 152.71582437169798], [619.7676597727977, 303.3379741018595, 176.9806510613742], [642, 517, 207.61730554434547]] )
( 8610794960551252457 , [(50, 350, 0), [186.89222344100455, 307.3310329071565, 24.5789904383372], [175.4329528618172, 231.00252095176566, 34.095412746424302], [255.05727393422484, 199.3326982003648, 60.071289484076857], [277.5044194679837, 87.30187607572235, 116.0772143309234], [471.7997181078315, 95.83270153930529, 142.92891014919132], [508.06087917097653, 112.06472414997036, 147.58182754793296], [533.5640806274287, 142.29214474480835, 153.57263380872772], [642.4357796317477, 186.37562229925146, 169.88947658957923], [668.7308119567375, 298.05691131847846, 184.27099734579923], [708.2324083697268, 298.0404139138476, 190.56572598657092], [689.7136169529763, 398.8958017051098, 207.02756018322074], [654.5790954815071, 417.42138584632517, 211.75705626606319], [642, 517, 225.7322577351724]] )
( 7998613775633670192 , [(50, 350, 0), [73.32850748504987, 216.2685298984302, 33.755666023241993], [225.97728203874854, 216.18043043293346, 64.626311144635579], [262.7456575594085, 272.8064267198242, 88.13282855942532], [254.81324801773516, 311.09517654076853, 96.561856736641332], [331.92953028732325, 329.9314443382915, 105.62176190807142], [630.6917907540503, 355.87361706383115, 199.31681078195388], [642, 517, 219.11694188226213]] )
[1.070658, 2.871787000000001, 1.014244999999999, 2.0286849999999994, 0.373545, 0.6197990000000004, 0.3307670000000016, 1.5251940000000062, 1.0026050000000026, 1.8917029999999997, 2.5638860000000037, 2.778255999999999, 0.5910650000000004, 0.9061990000000009, 5.2264669999999995, 2.8858649999999955, 2.329633000000001, 0.6443060000000003, 2.5821929999999895, 1.2208710000000025, 2.3289549999999934, 2.2589550000000003, 0.9306119999999964, 5.46217, 2.233456000000018, 1.3593270000000075, 2.417406999999997, 7.648425000000003, 3.578341999999992, 3.2290590000000066, 0.4243759999999952, 0.3448139999999853, 5.448611999999997, 2.049209000000019, 2.9737580000000037, 4.814412000000004, 0.9748000000000161, 1.846238999999997, 3.9658509999999865, 5.488625000000013, 3.8919360000000154, 1.0936020000000042, 6.653600999999981, 1.0260409999999922, 0.3065330000000017, 0.5606980000000021, 0.8381100000000004, 0.9924419999999827, 3.487922000000026, 0.45947000000001026, 0.4615540000000067, 4.646163000000001, 1.040931999999998, 4.106849999999952, 2.6319030000000225, 1.2129069999999729, 0.8126310000000103, 1.1542399999999589, 1.1138710000000174, 0.6446389999999838, 0.6919980000000123, 1.2805180000000291, 1.396097999999995, 1.6752419999999688, 0.7547680000000128, 1.6481369999999629, 2.5825029999999742, 0.7707760000000121, 7.602581999999984, 3.2705349999999953, 6.878680000000031, 2.6896859999999947, 0.4345669999999586, 0.7027279999999791, 2.4040190000000052, 1.0262280000000032, 1.4343359999999734, 5.628851999999995, 2.3572040000000243, 1.0951479999999947, 0.4530449999999746, 0.7866179999999758, 4.647444000000007, 3.220117000000016, 7.92103800000001, 3.3285920000000147, 0.9865880000000402, 0.8643140000000358, 1.0361800000000017, 0.38070600000003196, 6.152263000000005, 1.7925299999999993, 1.082527999999968, 0.6451999999999884, 7.8428519999999935, 0.8597540000000095, 4.369005000000016, 0.5069589999999948, 1.312392999999986, 1.4283869999999865]
